999.99 5 0 0 0 0 0 0 10.3737 0.107094
999.99 4.99013 0.313953 0 0 0 0 0
999.99 4.96057 0.626666 0 0 0 0 0
999.99 4.91144 0.936907 0 0 0 0 0
999.99 4.84292 1.24345 0 0 0 0 0 9.87364 1.64558
999.99 4.75528 1.54508 0 0 0 0 0
999.99 4.64888 1.84062 0 0 0 0 0
999.99 4.52414 2.1289 0 0 0 0 0 
999.99 4.38153 2.40877 0 0 0 0 0
999.99 4.22164 2.67913 0 0 0 0 0 9.02022 4.79295
999.99 4.04508 2.93893 0 0 0 0 0
999.99 3.85257 3.18712 0 0 0 0 0
999.99 3.64484 3.42274 0 0 0 0 0
999.99 3.42274 3.64484 0 0 0 0 0
999.99 3.18712 3.85257 0 0 0 0 0 6.44067 7.58313
999.99 2.93893 4.04508 0 0 0 0 0
999.99 2.67913 4.22164 0 0 0 0 0
999.99 2.40877 4.38153 0 0 0 0 0
999.99 2.1289 4.52414 0 0 0 0 0 
999.99 1.84062 4.64888 0 0 0 0 0 2.65931 9.64755
999.99 1.54508 4.75528 0 0 0 0 0 
999.99 1.24345 4.84292 0 0 0 0 0 
999.99 0.936907 4.91144 0 0 0 0 0
999.99 0.626666 4.96057 0 0 0 0 0
999.99 0.313953 4.99013 0 0 0 0 0 0.218471 10.3936
999.99 -8.04061e-16 5 0 0 0 0 0 
999.99 -0.313953 4.99013 0 0 0 0 0
999.99 -0.626666 4.96057 0 0 0 0 0
999.99 -0.936907 4.91144 0 0 0 0 0
999.99 -1.24345 4.84292 0 0 0 0 0 -2.95005 9.86636
999.99 -1.54508 4.75528 0 0 0 0 0
999.99 -1.84062 4.64888 0 0 0 0 0
999.99 -2.1289 4.52414 0 0 0 0 0 
999.99 -2.40877 4.38153 0 0 0 0 0
999.99 -2.67913 4.22164 0 0 0 0 0 -5.1504 8.41347
999.99 -2.93893 4.04508 0 0 0 0 0
999.99 -3.18712 3.85257 0 0 0 0 0
999.99 -3.42274 3.64484 0 0 0 0 0
999.99 -3.64484 3.42274 0 0 0 0 0
999.99 -3.85257 3.18712 0 0 0 0 0 -7.71871 5.67659
999.99 -4.04508 2.93893 0 0 0 0 0
999.99 -4.22164 2.67913 0 0 0 0 0
999.99 -4.38153 2.40877 0 0 0 0 0
999.99 -4.52414 2.1289 0 0 0 0 0 
999.99 -4.64888 1.84062 0 0 0 0 0 -9.79568 3.54036
999.99 -4.75528 1.54508 0 0 0 0 0 
999.99 -4.84292 1.24345 0 0 0 0 0 
999.99 -4.91144 0.936907 0 0 0 0 0
999.99 -4.96057 0.626666 0 0 0 0 0
999.99 -4.99013 0.313953 0 0 0 0 0 -10.7295 0.547629
999.99 -5 -1.60812e-15 0 0 0 0 0
999.99 -4.99013 -0.313953 0 0 0 0 0
999.99 -4.96057 -0.626666 0 0 0 0 0
999.99 -4.91144 -0.936907 0 0 0 0 0
999.99 -4.84292 -1.24345 0 0 0 0 0 -9.92019 -2.99588
999.99 -4.75528 -1.54508 0 0 0 0 0
999.99 -4.64888 -1.84062 0 0 0 0 0
999.99 -4.52414 -2.1289 0 0 0 0 0 
999.99 -4.38153 -2.40877 0 0 0 0 0
999.99 -4.22164 -2.67913 0 0 0 0 0 -8.39257 -5.31294
999.99 -4.04508 -2.93893 0 0 0 0 0
999.99 -3.85257 -3.18712 0 0 0 0 0
999.99 -3.64484 -3.42274 0 0 0 0 0
999.99 -3.42274 -3.64484 0 0 0 0 0
999.99 -3.18712 -3.85257 0 0 0 0 0 -6.50064 -7.35475
999.99 -2.93893 -4.04508 0 0 0 0 0
999.99 -2.67913 -4.22164 0 0 0 0 0
999.99 -2.40877 -4.38153 0 0 0 0 0
999.99 -2.1289 -4.52414 0 0 0 0 0 
999.99 -1.84062 -4.64888 0 0 0 0 0 -2.84203 -9.44392
999.99 -1.54508 -4.75528 0 0 0 0 0
999.99 -1.24345 -4.84292 0 0 0 0 0
999.99 -0.936907 -4.91144 0 0 0 0 0
999.99 -0.626666 -4.96057 0 0 0 0 0
999.99 -0.313953 -4.99013 0 0 0 0 0 -1.16248 -10.1452
999.99 -9.18485e-16 -5 0 0 0 0 0
999.99 0.313953 -4.99013 0 0 0 0 0
999.99 0.626666 -4.96057 0 0 0 0 0
999.99 0.936907 -4.91144 0 0 0 0 0
999.99 1.24345 -4.84292 0 0 0 0 0 1.99705 -10.2327
999.99 1.54508 -4.75528 0 0 0 0 0
999.99 1.84062 -4.64888 0 0 0 0 0
999.99 2.1289 -4.52414 0 0 0 0 0 
999.99 2.40877 -4.38153 0 0 0 0 0
999.99 2.67913 -4.22164 0 0 0 0 0 4.85147 -8.33984
999.99 2.93893 -4.04508 0 0 0 0 0
999.99 3.18712 -3.85257 0 0 0 0 0
999.99 3.42274 -3.64484 0 0 0 0 0
999.99 3.64484 -3.42274 0 0 0 0 0
999.99 3.85257 -3.18712 0 0 0 0 0 7.20745 -6.10353
999.99 4.04508 -2.93893 0 0 0 0 0
999.99 4.22164 -2.67913 0 0 0 0 0
999.99 4.38153 -2.40877 0 0 0 0 0
999.99 4.52414 -2.1289 0 0 0 0 0 
999.99 4.64888 -1.84062 0 0 0 0 0 8.89199 -4.24578
999.99 4.75528 -1.54508 0 0 0 0 0
999.99 4.84292 -1.24345 0 0 0 0 0
999.99 4.91144 -0.936907 0 0 0 0 0
999.99 4.96057 -0.626666 0 0 0 0 0
999.99 4.99013 -0.313953 0 0 0 0 0 10.011 -1.03014
