-0 0 0
0.981406294305314 -0.000270478550204436 0.0121683212298483
2.0573343668724 -0.0467379682085093 0.0266491152292519
3.03154658115758 -0.134448272824407 0.0416239780697435
4.0960589227054 -0.276104598996928 0.0625698503440545
5.05491938749786 -0.451381344134559 0.0886029254932185
6.00222928072525 -0.669853198782986 0.116450334293118
7.02924172709153 -0.957951781264576 0.147549592866773
7.94573856316033 -1.26591932275468 0.175610491089126
8.84766210463536 -1.60982960097368 0.205348638896804
9.8197094378291 -2.03307525370036 0.242572835614589
10.6827861002256 -2.45593467978164 0.276902673807947
11.6054608036679 -2.96674388439086 0.314469015261067
12.4195913704496 -3.46736834218112 0.345516222933204
13.2054322320713 -4.00649880372778 0.377161298808043
14.0390195742508 -4.63701789660822 0.4104921511992
14.7662062200372 -5.24608330187713 0.442315883051772
15.4626401125127 -5.88516206318895 0.471886379810645
16.1958408088189 -6.61838633990815 0.503829641500492
16.8265962696218 -7.31551570659303 0.529924662134373
17.4816895967162 -8.11209734147384 0.560281056766845
18.0401343081175 -8.86286210577922 0.588317130165436
18.5644019452393 -9.63865737736887 0.613970689279243
19.1012714642899 -10.5209609936205 0.642073853545344
19.5533820763197 -11.3470517533499 0.672254692613112
19.9679355576792 -12.1951494252406 0.703022570263642
20.3896610868114 -13.1495529630548 0.729594484439454
20.7397766065675 -14.0389280405869 0.754866373276996
21.0938268268837 -15.0394056366857 0.784352183531335
21.3840729750478 -15.9655603503082 0.808429601304547
21.6472296474049 -16.9047214572012 0.825721886041916
21.9019384684252 -17.9527004029506 0.845461806466286
22.1029583898704 -18.9234137863969 0.865606419090571
22.2769959127629 -19.9102173405749 0.885153880534204
22.4365260275186 -21.0158139275749 0.904985702987451
22.5539727782469 -22.0370457541671 0.918896975187822
22.6458709457821 -23.1776586259839 0.930967531671933
22.70177046403 -24.2288128433561 0.941002346525139
22.7303446464908 -25.2927707429865 0.949868096552587
22.7334027366939 -26.4761156807486 0.960111532116277
22.7120044950622 -27.562279026269 0.968607101598907
22.6724806475362 -28.658219870183 0.974881959305367
22.6095269564836 -29.8709556648241 0.98176314958158
22.5381362905797 -30.9790119711675 0.98609355369359
22.4534188766901 -32.0925318615076 0.988156473336636
22.3420916471443 -33.3303768257595 0.985031374553381
22.2261010715508 -34.4722769605963 0.98047552849318
22.0813722038353 -35.7512870996295 0.976635179323573
21.9377157489011 -36.9348023200889 0.974758712526001
21.7828883187927 -38.1381979258698 0.973334102171438
21.6010729532279 -39.4835790265632 0.97212212563154
21.4272153906827 -40.7266117012405 0.970123647279991
21.2441450122207 -41.9902467381645 0.971470492112189
21.0338459403159 -43.402420173997 0.975744349200389
20.8352019379666 -44.7075039438203 0.979228492297976
20.6316138834809 -46.0310264054792 0.979149414353934
20.4007197039939 -47.5093242610258 0.975837922275214
20.1847611389043 -48.872363030215 0.972752836533019
19.9411837426025 -50.3947011653887 0.96934930191841
19.7160187352294 -51.7974917603911 0.968157315763729
19.4880258184327 -53.2189877116001 0.968490913348358
19.2348600005059 -54.8051738504378 0.970667075371617
19.0035251444954 -56.2675769809014 0.974714830347783
18.7709019420772 -57.750080573458 0.976589617315949
18.514659573842 -59.4045962165349 0.977471570483834
18.2797418556253 -60.9307382229302 0.981584076739251
18.0198970366646 -62.6304955178385 0.98716129707612
17.7813811086447 -64.1937212673626 0.994956146241971
17.5409604442983 -65.7710124132218 1.00234053023751
17.2776282767903 -67.5205788385858 1.00693869530167
17.0358167334936 -69.1236030782275 1.01182628439296
16.795232804419 -70.7415398101703 1.02092596321504
16.5283360487912 -72.5381009500102 1.03145796322467
16.2853775723912 -74.1886315221769 1.0403274497212
16.0143680122988 -76.0218752671868 1.04692984715044
15.7675692227975 -77.7035425175759 1.05360137946997
15.5179432193895 -79.3974847841447 1.05962286580658
15.2424587765217 -81.2762924953263 1.06826479341092
14.9885699053811 -82.9983874292836 1.07833910322879
14.731578592028 -84.7333433847414 1.08944487668418
14.4450629367216 -86.6583259381168 1.10271504776036
14.1793552125415 -88.4225852314956 1.11337494810528
13.9103261881809 -90.2021645308358 1.12223613847406
13.6088391849441 -92.174860874223 1.12965464886722
13.3317329461917 -93.9829161793219 1.13674062726804
13.0185541054352 -95.985136236577 1.14674527722408
12.7263041031278 -97.8167122172802 1.1595898295463
12.4244058188145 -99.6559214175385 1.17354340783322
12.0805030167609 -101.687730755047 1.18771452665892
11.756329281517 -103.543754432799 1.20089132065553
11.4212926951059 -105.407765093074 1.21672981663458
11.0406627760572 -107.47026060941 1.23777550467583
10.6849880665155 -109.354182864285 1.25720336593562
10.2830141287391 -111.436415081575 1.27612191816232
9.90486623405301 -113.33623404872 1.29287121183525
9.51482762787439 -115.243104569975 1.30783805350538
9.06969921199095 -117.347580269309 1.32285490122466
8.65375871696939 -119.268983901574 1.33682475704337
8.22236363067208 -121.196625086996 1.35349774720332
7.7339740153329 -123.323993024656 1.37092656924696
7.27792777710502 -125.263682131954 1.38518503242298
6.7626134344414 -127.404809687795 1.40221767571015
6.27936618662292 -129.356345122828 1.41779849178689
5.7842141767351 -131.313542493423 1.43252578571529
5.2270591564678 -133.474081896637 1.44510130390767
4.71130950813574 -135.444145903967 1.45669810799399
4.18754547384569 -137.421293939127 1.46871113178465
3.60281495822443 -139.604111625499 1.48053596420145
3.06083414030589 -141.596465413736 1.49324110208557
2.45174346376142 -143.794440110507 1.50811555233553
1.88711262677824 -145.79977062965 1.52087650864672
1.3105965477399 -147.809885627734 1.53386633461937
0.662950145520062 -150.027678211643 1.5494509106945
0.061893278988952 -152.049197232025 1.56403490007241
-0.550285366686436 -154.075258786964 1.57753248075304
-1.23750683359151 -156.310101827168 1.59133139484364
-1.87224126001767 -158.34658177356 1.6026413121637
-2.51694095033622 -160.388326275019 1.61398166144094
-3.23773792748509 -162.639783929142 1.63036242256931
-3.90410624016634 -164.692521162013 1.64669775971052
-4.64736507612528 -166.956233786667 1.66570960515386
-5.33257963142673 -169.020254561855 1.68268430310593
-6.03050610094755 -171.088388803239 1.70048514830209
-6.81115575204348 -173.368587487706 1.71875875471209
-7.53118088629591 -175.4468232413 1.73385699615246
-8.25915603660524 -177.530558114977 1.74744436333626
-9.06910210768301 -179.82930911609 1.76014498803623
-9.81373568658522 -181.924091212201 1.77150400497077
-10.5671181208053 -184.024559725481 1.78540014880538
-11.4082399972297 -186.340409785894 1.8066140700739
-12.1825178891835 -188.450453065611 1.82662792579473
-13.0469965444079 -190.77682086953 1.85281789952265
-13.8446429216965 -192.896230638023 1.87788437433576
-14.6517029373229 -195.01925138141 1.90039136336446
-15.551001751538 -197.357551506824 1.92344468381342
-16.3792201225371 -199.485705890938 1.94345677353341
-17.216166392274 -201.614885225743 1.96487039418512
-18.1489216153388 -203.956354391678 1.99154746128568
-19.0063255874551 -206.085531896099 2.01720728172964
-19.9647235435256 -208.428998718269 2.04521613100414
-20.8432941865896 -210.560902741532 2.06809779582096
-21.7295314563973 -212.693789951648 2.08902099556998
-22.710625114146 -215.04065979478 2.11168017884857
-23.6103637968791 -217.174515054797 2.13547858029224
-24.5159772607063 -219.308449809293 2.16045762653802
-25.5198526836655 -221.655594057279 2.19042143608229
-26.4389411947905 -223.788534764389 2.21982605832127
-27.3651451677576 -225.919864219036 2.25163864538992
-28.3941585312832 -228.261896114707 2.28922635549229
-29.3356408269662 -230.39022958777 2.31998800815661
-30.3773987833413 -232.729295922473 2.34760435468657
-31.3309374499836 -234.854015001792 2.37104353923189
-32.2918772041745 -236.976820379887 2.39671897889135
-33.3566132848271 -239.309723159175 2.42482396108612
-34.3322430313531 -241.425943669355 2.44968594405449
-35.3151586326333 -243.537425803445 2.47463024968512
-36.4042412490035 -245.854008723763 2.50144103676507
-37.4016664843273 -247.955188711017 2.52478534723993
-38.4095442500588 -250.050821030706 2.54827174639787
-39.5283520384571 -252.351030676848 2.57526168759211
-40.5545880272652 -254.439293282217 2.59843436779853
-41.6910036145616 -256.736199565826 2.62109100193187
-42.733999443502 -258.824463971404 2.64195793922071
-43.7841539518103 -260.908881099253 2.66070181567441
-44.9537171213316 -263.200271220261 2.68250205914507
-46.0243844424259 -265.281097473508 2.70390769301031
-47.1056386101752 -267.362016559689 2.72658207306377
-48.307461372487 -269.651481199966 2.74930688060013
-49.4131650598544 -271.737753175273 2.76926965926925
-50.644043677268 -274.037086200556 2.79145071279924
-51.7737556991651 -276.133836851768 2.80901181617355
-52.9144864137691 -278.234708093001 2.8270296075178
-54.1837366185641 -280.551237977917 2.84845165898049
-55.3478207798575 -282.663451662353 2.87038610214168
-56.5241656288854 -284.779925904399 2.89334008177188
-57.8331730917072 -287.115492134959 2.92068475491443
-59.0360966663431 -289.243060947143 2.94462400761056
-60.2505234022762 -291.37703715976 2.96565392052824
-61.5945136150196 -293.732268292125 2.98591652743148
-62.8283655160901 -295.879686621586 3.00383035864067
-64.1979093317859 -298.249941337098 3.02235484606008
-65.4541433672284 -300.410713108081 3.03693451977603
-66.719972550266 -302.577344913308 3.0508377111481
-68.1236422055103 -304.967213964799 3.06628988175503
-69.4117642890545 -307.145735752941 3.08628870969627
-70.7096396389027 -309.330809369384 3.10666587576018
-72.1541374529324 -311.738704742452 3.12577045798339
-73.4848476779202 -313.928834277649 3.13889470332892
-74.8350390700797 -316.119025433019 3.14965531539283
-76.3376132890192 -318.528423469097 3.1581976378839
-77.7222988869724 -320.720045031305 3.16712648659729
-79.2609512111188 -323.130359782087 3.17927097644049
-80.6707589732072 -325.318592936341 3.1923628818948
-82.0923357265611 -327.502704006634 3.20249681736109
-83.6675824276961 -329.899879069304 3.20987636400624
-85.1097746924599 -332.075227128885 3.21693874625385
-86.5635119604962 -334.245226569505 3.22280434766319
-88.1777777415451 -336.626755702701 3.22477034673292
-89.6558207599443 -338.786799956254 3.22170842784175
-91.145736313851 -340.941862925003 3.21639800903523
-92.7981697903034 -343.307647881383 3.20783663394334
-94.3096296003079 -345.455403667744 3.19642143033285
-95.9791478851534 -347.815277113987 3.18281760644142
-97.5051488712653 -349.95764723956 3.1728731087174
-99.0406619781566 -352.095606840608 3.16871971072734
-100.740542676681 -354.438797546217 3.16130041864748
-102.293000595065 -356.564106713015 3.15103330332872
-103.855883656645 -358.682055439565 3.14295705027678
-105.583826892897 -361.008014852989 3.13528085552718
-107.161643862688 -363.116165576873 3.11610621133696
-108.744665052623 -365.219626563393 3.09285285977327
-110.495495400835 -367.522925467701 3.06926927104896
-112.0948310442 -369.610504124379 3.050071646149
-113.862448587716 -371.897913306356 3.03022057768092
-115.474959036108 -373.970572367132 3.01001488323685
-117.089800816856 -376.038048073549 2.98800730966939
-118.869284187503 -378.302444090498 2.97085687650006
-120.498852741168 -380.349476022726 2.97990208815349
-122.142088399424 -382.384584800845 2.99767136505014
-123.950854546698 -384.627816589284 3.0012455067205
-125.592424539501 -386.666379685352 2.97303317718351
-127.400349727827 -388.904349133323 2.92175347579107
-129.049632520244 -390.928469372786 2.87461941827034
-130.708297271956 -392.942721066192 2.83240413916256
-132.539069440629 -395.148050382619 2.79090248461267
-134.211919415887 -397.145247023369 2.75977030768429
-135.889689980352 -399.138367962531 2.73291042554688
-137.737474503555 -401.326126421362 2.70065405175423
-139.426071305562 -403.306269301223 2.66839603699837
-141.124624792871 -405.275992491271 2.63617539927006
-142.998576005386 -407.438815448749 2.59780395575004
-144.705685237959 -409.399722856113 2.56321522714365
-146.586664471873 -411.555207977065 2.52489746372563
-148.296904379812 -413.512463772071 2.4856025467217
-150.011205793632 -415.467095296402 2.43914452534085
-151.897898837945 -417.611662779685 2.38263445300627
-153.614538194923 -419.559385149862 2.33094348327954
-155.334968254925 -421.502794037036 2.28801288623545
-157.229052299698 -423.637467405529 2.24969603312169
-158.954145038481 -425.574880842241 2.21234763762329
-160.681088410915 -427.507753519935 2.17074006501595
-162.582410794188 -429.631875610572 2.12929889881683
-164.314522595756 -431.558804547475 2.09194099982167
-166.217820860642 -433.67349013253 2.04810364550522
-167.944373816451 -435.586328923191 2.01001726081503
-169.671612777023 -437.505317679632 1.94791147578314
-171.561423815328 -439.62011144284 1.86497515983413
-173.274237344994 -441.550191603757 1.79819040340913
-174.989383462685 -443.486523483018 1.74786466326249
-176.870208719936 -445.620188407972 1.68772662621634
-178.574509556922 -447.561689171054 1.62966931047085
-180.270102369676 -449.505657238459 1.56772307235157
-182.127760720094 -451.650003936989 1.50386443178579
-183.807265888324 -453.607204886236 1.45239831204721
-185.647771302785 -455.767733782597 1.39898322808463
-187.315310592367 -457.733982738872 1.34601391623255
-188.982118305315 -459.700173442666 1.29896463356493
-190.816485090324 -461.86124228506 1.25193533190787
-192.482036624168 -463.826608917311 1.20581064340468
-194.143311625906 -465.794271030712 1.15333028113806
-195.964063816334 -467.961858475781 1.09095300311843
-197.617270139618 -469.933967414719 1.03742394767263
-199.26884727571 -471.906948608159 0.991363946559329
-201.084713074921 -474.079398685647 0.945584408789585
-202.733488589971 -476.056150139958 0.902712794425666
-204.542092050334 -478.232828302321 0.85046010411326
-206.182448360999 -480.21413328882 0.801539757693602
-207.820730028797 -482.197713309043 0.752015417948281
-209.620099173487 -484.381330099375 0.694794393670279
-211.253599939609 -486.36751260738 0.640066887805939
-212.886275649001 -488.354896127852 0.588644306740238
-214.683573745422 -490.541943680453 0.536981932028444
-216.315170398972 -492.531864328113 0.488427383088283
-217.945409610461 -494.521325185168 0.439616604211489
-219.735800439472 -496.711107903375 0.388601542208177
-221.364561214872 -498.701617467013 0.340720265532767
-223.157224146175 -500.890489507695 0.290320296315299
-224.789515279545 -502.880968356608 0.249126925483954
-226.420700431553 -504.871378351561 0.200013153402155
-228.215436280628 -507.059811721487 0.142465489809698
-229.845984982197 -509.048411203551 0.0865905693908928
-231.477257047988 -511.036127328044 0.0311390080671723
-233.273012051704 -513.222637925319 -0.0265972401588117
-234.904891948659 -515.210723008844 -0.0792207540160792
-236.69939584211 -517.398539720479 -0.13754927650446
-238.329738782338 -519.387386725379 -0.191963890393708
-239.960773804101 -521.376958976141 -0.244649488709392
-241.754767065687 -523.565404960117 -0.306170989834832
-243.385081549153 -525.555507277668 -0.36419305177784
-245.013885610922 -527.545807202509 -0.426473892543087
-246.805654020398 -529.735480928845 -0.493948020117722
-248.434224921311 -531.72683383793 -0.555655284418751
-250.061577318026 -533.719078012233 -0.618693936592169
-251.851237768268 -535.911206395721 -0.689589907921009
-253.478193013419 -537.90472314541 -0.752181089576489
-255.10641133772 -539.898291654418 -0.813662576930738
-256.897561757213 -542.091362152667 -0.885316338698205
-258.525418164921 -544.085433500845 -0.954613810766876
-260.316297603237 -546.278046198929 -1.03446748749524
-261.945758749309 -548.270467832182 -1.10248203624305
-263.576174006455 -550.263077114464 -1.16324112454702
-265.371132776131 -552.455182149259 -1.22793163337432
-267.003114737032 -554.44755548608 -1.29408105116067
-268.634652443055 -556.439393437051 -1.36560913266091
-270.429894050749 -558.63110133063 -1.44427485520557
-272.062866211693 -560.623811512097 -1.51290513209159
-273.859767663661 -562.816345392046 -1.58672974335287
-275.493596446929 -564.81000578051 -1.65379079804085
-277.126690992295 -566.804195787965 -1.72452081430591
-278.921753329158 -568.998059920775 -1.80550903089111
-280.554587143211 -570.99242473799 -1.87944960717919
-282.186421067411 -572.987304093496 -1.95411134157102
-283.979694867315 -575.182142791901 -2.04046715202308
-285.608224114814 -577.178459099555 -2.1191868450859
-287.397302252116 -579.373147263876 -2.20768673975396
-289.022989138538 -581.366267454032 -2.28426685477809
-290.647635619485 -583.358728669613 -2.35860101508083
-292.432672342488 -585.551778229295 -2.43896593034922
-294.052404275302 -587.546768171898 -2.51285836097161
-295.832408587255 -589.740582407206 -2.59626671988006
-297.446429722964 -591.735053468726 -2.669821000478
-299.059203774177 -593.730393290723 -2.74275708911258
-300.669609205127 -595.726741306414 -2.81625187415729
-302.438673178471 -597.924774567379 -2.90050173452267
-304.04626965762 -599.924548094124 -2.97659605857863
-305.812767897338 -602.12621367779 -3.06188955520851
-307.418505368814 -604.127867020634 -3.13826919830646
-309.025598977184 -606.129696446464 -3.21290067355517
-310.794049417476 -608.331243009366 -3.29690388082511
-312.401662352674 -610.333478882134 -3.37750414425891
-314.010295369208 -612.335907816716 -3.45891319397845
-315.780247990021 -614.537483403997 -3.54588689583721
-317.389330489158 -616.537968122563 -3.62090539516352
-319.159716252054 -618.740392986054 -3.69799899347081
-320.768183066664 -620.74315941918 -3.76676943914275
-322.37616874496 -622.747327555677 -3.8400974537503
-324.144910831371 -624.952368073856 -3.9245626080335
-325.752921965035 -626.957364706337 -4.00314802461656
-327.360592746883 -628.962935109243 -4.08132724233461
-329.128964360647 -631.169357015269 -4.16485732193248
-330.735936636541 -633.175571401133 -4.24036537239178
-332.34038521638 -635.181056689441 -4.31784415588495
-334.105805945064 -637.386400347957 -4.40301609180898
-335.708945522002 -639.390615927776 -4.48217851555729
-337.47179358676 -641.596594797386 -4.56475653332495
-339.074246792713 -643.601794197417 -4.63920408143982
-340.675527174823 -645.606604062658 -4.71708751284644
-342.434421307116 -647.812176650295 -4.80417997831667
-344.03153418207 -649.817740363538 -4.87975042798232
-345.626612710203 -651.824285818115 -4.95179452190156
-347.379611122063 -654.031472255555 -5.03095684137835
-348.972586704117 -656.037896550329 -5.10620213350213
-350.721857911423 -658.246478703462 -5.19163188834667
-352.311779735771 -660.255154498749 -5.26982249605403
-353.899763476734 -662.264831390389 -5.34866334352149
-355.645841278568 -664.476069347362 -5.4346281329553
-357.233513954079 -666.487372070432 -5.51122603848328
-358.820736146812 -668.499394104141 -5.58554578626297
-360.564850357348 -670.713865013069 -5.66692282777841
-362.150584228297 -672.728032753369 -5.741162044615
-363.736490894327 -674.743136968145 -5.81449032535661
-365.482187580646 -676.959420859328 -5.89622172640715
-367.070790318574 -678.973424716516 -5.96985341527711
-368.820661008293 -681.188805100566 -6.04874718551054
-370.412467290127 -683.202054576581 -6.12129115342775
-372.004996113073 -685.214375337707 -6.19649908203344
-373.75744141668 -687.428331710111 -6.28073046319521
-375.350095024036 -689.439802973579 -6.35786039116576
-376.944798408519 -691.450332192981 -6.43309422477195
-378.700356721868 -693.661745031799 -6.51284938348892
-380.29574669514 -695.673370400241 -6.58413461441681
-382.050295590453 -697.887378644608 -6.66097909220546
-383.642764331771 -699.90099036479 -6.73242352710655
-385.234961808437 -701.91349459489 -6.80736809019814
-386.985280749119 -704.128333036804 -6.88952962485546
-388.574816354386 -706.141776741431 -6.96103101762936
-390.165224254974 -708.155942602762 -7.0309046542117
-391.913682847112 -710.372137083455 -7.10587926901206
-393.502203637981 -712.387399185729 -7.17847636751137
-395.085394779857 -714.403636407171 -7.25578572678794
-396.821630434604 -716.620920159167 -7.34600564966233
-398.397445449627 -718.636428628928 -7.42817124084202
-400.12801714279 -720.851257479851 -7.51652900944594
-401.699471342631 -722.867450526066 -7.59819072121438
-403.269640474737 -724.885792130698 -7.67992662915943
-404.994517309508 -727.107265479636 -7.76852248162701
-406.562964348318 -729.131102497498 -7.84011400090364
-408.126724229608 -731.156442235715 -7.92783711996952
-409.844891106691 -733.383890217313 -8.0156250870431
-411.407045797401 -735.406300804658 -8.09217036981771
-412.969515241664 -737.431709154558 -8.16228492434508
-414.687470139778 -739.659839816556 -8.23535605696629
-416.247660738273 -741.688913424911 -8.29826163092261
-417.962386815632 -743.919979384691 -8.37044775273981
-419.5204770921 -745.94932756776 -8.43945306149364
-421.079541207604 -747.978060958918 -8.5069903994229
-422.798211155839 -750.209452083608 -8.56803759318331
-424.360061051312 -752.237580683028 -8.63117783717828
-425.919895115514 -754.266215022245 -8.70041058313333
-427.634234539087 -756.499706289001 -8.77635768162853
-429.190591682229 -758.532362428037 -8.83457751165923
-430.90221010618 -760.770713246348 -8.8930390399865
-432.457678513711 -762.806458751637 -8.93641347619186
-434.010670049525 -764.845128603448 -8.98069105487147
-435.716560628817 -767.089220338339 -9.03626008457006
-437.264860107271 -769.131547490417 -9.09086661076428
-438.81190629725 -771.175940567408 -9.14413654909282
-440.511557680577 -773.426014966602 -9.19852512437018
-442.054169650598 -775.473300603333 -9.25090794298109
-443.595764128699 -777.521686464568 -9.30262826194339
-445.288756194811 -779.776546473275 -9.35893907447391
-446.826469845873 -781.826713987232 -9.40780601085226
-448.51625818002 -784.083627932738 -9.46382496071391
-450.049969696702 -786.134868559565 -9.51677873356216
-451.582523097749 -788.185136504837 -9.57246591871122
-453.268402299088 -790.438419925915 -9.63178925607554
-454.80184891097 -792.484811867576 -9.6830514174865
-456.335186674495 -794.52909726132 -9.73376242190952
-458.022945376 -796.774698705046 -9.78778415818499
-459.558295321724 -798.813732217536 -9.83728681012417
-461.093171777637 -800.849930034645 -9.88874967356875
-462.780721068606 -803.087604696444 -9.94906811659182
-464.314270257085 -805.11974288561 -10.0046173835426
-466.000726496617 -807.353607248553 -10.060069214266
-467.534261375744 -809.384304562488 -10.1041312988908
-469.068056646863 -811.414994534842 -10.1460153702571
-470.754153299116 -813.649771598294 -10.1941815929933
-472.286050244293 -815.682000607987 -10.2406624919504
-473.817315376405 -817.715744284599 -10.288940982595
-475.500249091343 -819.955087920038 -10.3420512329823
-477.027794294604 -821.993191461389 -10.3921282901116
-478.552946655024 -824.034127312157 -10.4429765510467
-480.227996436276 -826.282575251538 -10.4985393275862
-481.748992660545 -828.329994717048 -10.5500284526296
-483.418892013349 -830.585996695809 -10.6084203336389
-484.934786637236 -832.641436115083 -10.6642326059014
-486.447918893816 -834.699087449282 -10.7225846905956
-488.112082677245 -836.966253454259 -10.7857474953191
-489.624254830683 -839.029297042869 -10.8424472600298
-491.135764448768 -841.095400666975 -10.9000906789046
-492.798344670231 -843.371279228718 -10.9641790090858
-494.309935407422 -845.442289479221 -11.0220572764072
-495.972764266826 -847.722635513083 -11.0922324803031
-497.485551429832 -849.796015824643 -11.1583597599084
-499.000462912912 -851.870729221498 -11.2226502255845
-500.667480613349 -854.153024889676 -11.2894647702718
-502.182752238839 -856.231676948831 -11.3511365315285
-503.697886661243 -858.310153465705 -11.4147985085845
-505.365127920642 -860.598214362734 -11.4818765269919
-506.881033992077 -862.679552980576 -11.5407087610546
-508.398351426159 -864.761257636841 -11.5995889398289
-510.065606009093 -867.052433040688 -11.6684427245449
-511.579912392724 -869.134750530988 -11.7348067698133
-513.242024202816 -871.424570974531 -11.8108430832945
-514.751864809445 -873.503600030567 -11.8801555190176
-516.261282386529 -875.581297838327 -11.946926787579
-517.917104914103 -877.866501610074 -12.0186894333674
-519.419542122851 -879.946183878329 -12.0833428368941
-520.91591207148 -882.025762544938 -12.1489315854784
-522.555210593433 -884.31300840391 -12.2228030790263
-524.038285214196 -886.391702309261 -12.291936691831
-525.664057749247 -888.678137198577 -12.3710134528982
-527.135932318713 -890.75467038974 -12.4424355881182
-528.602250493705 -892.830572184153 -12.5131227917555
-530.209915570971 -895.112179712072 -12.5908961056799
-531.667352658473 -897.185037785552 -12.6614838706016
-533.119805533577 -899.257497043272 -12.731363943377
-534.713425098105 -901.536554174355 -12.8076143676532
-536.157981342294 -903.607403211318 -12.8814707069818
-537.599127073673 -905.678341587353 -12.9579358233603
-539.179556837621 -907.957743960564 -13.0448128730347
-540.612889690076 -910.028639954433 -13.1233058107217
-542.186986261848 -912.305369750031 -13.2071417804325
-543.615121157668 -914.373537828213 -13.2836854902447
-545.042305760934 -916.4408067845 -13.3592668833302
-546.610283438653 -918.713794231396 -13.4406836082984
-548.039046433544 -920.783983356969 -13.509994736757
-549.459091942555 -922.857908630284 -13.5810614715047
-551.015949181112 -925.13749132687 -13.6776736429932
-552.427920687371 -927.209381268173 -13.7647312716272
-553.840770130713 -929.277170150228 -13.8294015947555
-555.398060282537 -931.555254790726 -13.8920352191688
-556.811307312646 -933.626353473783 -13.9627611354172
-558.224716800867 -935.696054804034 -14.0485509482305
-559.777824155605 -937.972665567889 -14.149097200577
-561.191512828041 -940.041793131146 -14.2390369689691
-562.745376135962 -942.321215389799 -14.335158380233
-564.157371074006 -944.39417964379 -14.425237553372
-565.566455030843 -946.469814875112 -14.5172545567068
-567.116997541755 -948.752506774995 -14.6207118345793
-568.525969479279 -950.830058703446 -14.7113178857193
-569.935012046107 -952.911331987002 -14.7988560623237
-571.482741143592 -955.203781839304 -14.8962689784623
-572.885777443045 -957.289078097825 -14.9876134146097
-574.427134312461 -959.586219548362 -15.0856112902516
-575.826747034877 -961.677293555647 -15.1731056314629
-577.225307180475 -963.768651543906 -15.2592123850679
-578.762400591766 -966.071366836376 -15.3554285342672
-580.157769709386 -968.166969427313 -15.4477641932372
-581.550992804114 -970.263723052815 -15.5500052379079
-583.079321852589 -972.569876614015 -15.6725604940431
-584.469281398611 -974.666475754923 -15.7820218516319
-585.861015389011 -976.762829153886 -15.8850023527549
-587.391827947705 -979.069498645638 -15.9936267965424
-588.782232554359 -981.167885356819 -16.0934038912821
-590.309322243059 -983.477284772554 -16.2044205354884
-591.697393433033 -985.5771919398 -16.307625606303
-593.088039132168 -987.676449744014 -16.4072317883224
-594.620765114696 -989.985685080364 -16.5126909213418
-596.015392786433 -992.08504526287 -16.6112778628556
-597.409446105055 -994.185252625593 -16.7115592392503
-598.94136694935 -996.496528973445 -16.8188255194572
-600.33244621856 -998.597877327476 -16.9162099930929
-601.860325015924 -1000.9090841632 -17.0240149537443
-603.24729631628 -1003.00971197257 -17.1208041688528
-604.632555333302 -1005.10975091346 -17.2133931561219
-606.153426834853 -1007.41934967609 -17.3125237548505
-607.533631560862 -1009.51861787531 -17.4034061278916
-608.911102089501 -1011.61755762945 -17.4990928329845
-610.422405943999 -1013.92550119837 -17.6097920612891
-611.793746294147 -1016.02163116521 -17.7122832533238
-613.162933627168 -1018.1161689059 -17.8109150541075
-614.668798817021 -1020.41845773493 -17.9152053422488
-616.037309016694 -1022.50861078647 -18.0103898561336
-617.540044650087 -1024.80558707851 -18.1146223767106
-618.90415791812 -1026.89135998841 -18.2056284093541
-620.265666532732 -1028.97495970496 -18.2951729541232
-621.760494031465 -1031.26299431951 -18.3948712082296
-623.116537035842 -1033.34044294845 -18.4850778691998
-624.469241392698 -1035.41761202514 -18.577038277367
-625.951232883683 -1037.70178265668 -18.6824834223892
-627.292555655881 -1039.77867079789 -18.7786394716344
-628.630050684769 -1041.85451848002 -18.8762961692173
-630.09988802147 -1044.13705581833 -18.9796262345921
-631.435550098788 -1046.21138653649 -19.0681990315487
-632.904274146755 -1048.4930747624 -19.1626888969207
-634.235678765364 -1050.56696018269 -19.2527790604027
-635.563139790998 -1052.64115401625 -19.3452865644599
-637.018529983829 -1054.92287741935 -19.4481297396364
-638.335637962392 -1056.99850425305 -19.5365983926581
-639.651486665994 -1059.07500080952 -19.6197720540785
-641.100181583969 -1061.36097018936 -19.7094977227205
-642.415423265597 -1063.43890858156 -19.7987433211608
-643.855650302806 -1065.72722143654 -19.9085557188726
-645.157935554011 -1067.8081867926 -20.0116368565738
-646.457982426214 -1069.88984623203 -20.1137668925291
-647.889572854644 -1072.17868278195 -20.220629321155
-649.190242601818 -1074.25918414083 -20.3147785000144
-650.490314888031 -1076.33878205366 -20.4049047805537
-651.921068779767 -1078.62525985567 -20.5008146042455
-653.222932871991 -1080.7036096449 -20.5859415561462
-654.526076365491 -1082.78182359954 -20.6694042579147
-655.955853238351 -1085.07000497549 -20.7658173426903
-657.252793914961 -1087.14984988065 -20.8594552848891
-658.548837652666 -1089.22929283075 -20.9526393005129
-659.975404315436 -1091.51609988104 -21.047314227378
-661.270421577483 -1093.59604803991 -21.1254258830393
-662.691947811596 -1095.88794200545 -21.2081516023844
-663.977889975399 -1097.97231571266 -21.2923473952796
-665.26080312367 -1100.06097814952 -21.3732587871895
-666.672014963965 -1102.36099313991 -21.4742593703162
-667.95458716062 -1104.45093699566 -21.5752716437329
-669.236445155959 -1106.5392381235 -21.6786440646799
-670.641080745607 -1108.83721668497 -21.7845220370942
-671.915213190182 -1110.92918356267 -21.8705797660723
-673.314771459907 -1113.23158323929 -21.965668691734
-674.586677875861 -1115.32653108383 -22.0554013628483
-675.853255311754 -1117.42155025548 -22.143981806733
-677.244658930523 -1119.72914520023 -22.2435446201463
-678.504875598404 -1121.82646338402 -22.3360946525162
-679.765839156296 -1123.92869701207 -22.4289746817477
-681.153253626191 -1126.24599174149 -22.5285137896223
-682.416440586601 -1128.35522604693 -22.6212646359768
-683.677819820325 -1130.46650377326 -22.7145906202035
-685.061661694295 -1132.78947631316 -22.8176168925664
-686.318869937137 -1134.90397362092 -22.9081628380863
-687.700752595126 -1137.23596332793 -23.003540176374
-688.955985689015 -1139.35835244236 -23.0873213377622
-690.211051059792 -1141.48419371851 -23.1685145016929
-691.589169044787 -1143.82435228942 -23.2565643034475
-692.842080572718 -1145.95622082749 -23.3371421313965
-694.094183278067 -1148.09123004679 -23.4215048876248
-695.469322149525 -1150.44195506879 -23.514425267096
-696.718436217133 -1152.58113201444 -23.6008033173465
-698.09098337954 -1154.9364420465 -23.6955027572759
-699.339777712438 -1157.07881706675 -23.7803969465024
-700.589709148081 -1159.22218718539 -23.8680061760116
-701.964185799922 -1161.58217186457 -23.9678406151984
-703.215966232175 -1163.73017287939 -24.0550251622471
-704.464646636244 -1165.8788041234 -24.144927287465
-705.843377349179 -1168.24337211685 -24.245191713912
-707.095929032543 -1170.3963991733 -24.3308210232292
-708.353237463589 -1172.55097491531 -24.416805149846
-709.737322671756 -1174.9238915668 -24.516868526282
-710.998659229951 -1177.08209013135 -24.6104178875056
-712.386247185479 -1179.45916872996 -24.7072236519099
-713.648940396245 -1181.62481453203 -24.7878709902908
-714.913453456126 -1183.79499123013 -24.8691238265754
-716.307361857245 -1186.18600687121 -24.9667102694075
-717.573959881033 -1188.36257338608 -25.0643305601558
-718.841127156354 -1190.54152278147 -25.1652756121426
-720.237187005128 -1192.94471721234 -25.2777862677437
-721.507144383006 -1195.13132828864 -25.3761483831182
-722.780381639435 -1197.32245094085 -25.47125841523
-724.182516880862 -1199.7369513519 -25.5744232391682
-725.456698783916 -1201.9356870511 -25.6686873156
-726.857711475274 -1204.3567324767 -25.7695659651274
-728.129943464662 -1206.56161755792 -25.8572262166326
-729.400073632254 -1208.76946228749 -25.9436314612472
-730.797412540033 -1211.20048121619 -26.0388535461538
-732.066970059283 -1213.4146548491 -26.1266105384499
-733.334132526032 -1215.63054842991 -26.2144879427755
-734.726892733638 -1218.07173274301 -26.3142570199749
-735.994316901759 -1220.2937052666 -26.4015315263743
-737.262611699383 -1222.51843840982 -26.4909729889358
-738.658782236078 -1224.97051304299 -26.586296078245
-739.923091830848 -1227.20500836872 -26.6706160375753
-741.310252187022 -1229.66663121502 -26.7581637777532
-742.570426384426 -1231.91008020471 -26.8348889164497
-743.826044938843 -1234.15623553683 -26.910607124915
-745.206361568056 -1236.63269421125 -26.9964876203349
-746.457972839459 -1238.88930027845 -27.0795058281702
-747.709414214996 -1241.14890278104 -27.1617526200408
-749.084394373164 -1243.63928170297 -27.2464237183404
-750.335980479342 -1245.90649333663 -27.319064569795
-751.587179648671 -1248.17758404763 -27.3886116464436
-752.963489901763 -1250.67955983908 -27.4653869006882
-754.214842889038 -1252.95839364139 -27.535886195048
-755.465316037922 -1255.24123226202 -27.6083222145532
-756.840469861402 -1257.75694822989 -27.6915835893894
-758.091248346292 -1260.04768164938 -27.7695164724767
-759.467471523632 -1262.57200215943 -27.8582605200235
-760.718394662235 -1264.87009995712 -27.9433770407263
-761.96791342449 -1267.17155909061 -28.0290888701439
-763.341627129213 -1269.70715369266 -28.1160267791005
-764.590509807408 -1272.01570648182 -28.1819359925831
-765.840405113149 -1274.32890337485 -28.2302298119625
-767.215698072409 -1276.87829751151 -28.2794132734101
-768.464525985628 -1279.19887037649 -28.3324962598758
-769.836755867318 -1281.75589544588 -28.3949257054437
-771.083324850736 -1284.08215209194 -28.4558888696225
-772.329495255092 -1286.41004655551 -28.5188057241795
-773.699770815553 -1288.97242201074 -28.5890912030468
-774.944120656265 -1291.30312207331 -28.6527729769904
-776.187123932015 -1293.63490960934 -28.7141171233148
-777.553496944238 -1296.20055028515 -28.7778940145897
-778.793933237172 -1298.53347361101 -28.8312437683862
-780.033901301196 -1300.86764424307 -28.8810471982893
-781.395526458883 -1303.43619929759 -28.9384892206409
-782.631114197381 -1305.7721589422 -28.9920907743096
-783.988799170294 -1308.34179439456 -29.04933667239
-785.221846533357 -1310.67741815063 -29.1019166683341
-786.453288158713 -1313.01290233923 -29.1522677215532
-787.805987250916 -1315.58351079259 -29.2028085098817
-789.034314135925 -1317.92103626134 -29.2442920612724
-790.26069223084 -1320.25939164407 -29.2832718901818
-791.608526727688 -1322.8317004011 -29.3266005639581
-792.831978847442 -1325.16997698116 -29.3719084420748
-794.049166069933 -1327.51200037303 -29.4325182028874
-795.382709029866 -1330.08592968305 -29.4896005667336
-796.604175276064 -1332.43430523868 -29.5542326247757
-797.93615843074 -1335.01505658532 -29.5963573315597
-799.15311902409 -1337.35835849811 -29.6249600373914
-800.368396375948 -1339.70195659213 -29.6485965333872
-801.703696579877 -1342.28051484533 -29.6673562805467
-802.91455199643 -1344.62296870526 -29.686015854793
-804.123340848951 -1346.96616244524 -29.7069114408503
-805.452078843015 -1349.54517916254 -29.7379297144065
-806.659971100603 -1351.89127830233 -29.7623196159307
-807.867102038434 -1354.23760043106 -29.7875080838308
-809.194040180255 -1356.8182433147 -29.8110261679168
-810.398081989232 -1359.16305520781 -29.8285543962318
-811.600090303424 -1361.5071381861 -29.845137381652
-812.921133084242 -1364.08464236075 -29.865048327039
-814.118680695531 -1366.42515881465 -29.8864703286726
-815.430790012334 -1368.99720063829 -29.9103663244902
-816.621703961398 -1371.33331524843 -29.9316483618586
-817.811527907818 -1373.66860316367 -29.9518298851244
-819.116315079791 -1376.23444203383 -29.9740607035502
-820.299519254282 -1378.56526700236 -29.9959374858818
-821.480126538406 -1380.89503590526 -30.0171260619035
-822.776615570782 -1383.45780181571 -30.0383343930207
-823.953888598931 -1385.7885254121 -30.0547069787541
-825.128453078891 -1388.11970381882 -30.0686626548543
-826.41736247554 -1390.68530972864 -30.0795060125245
-827.586839918389 -1393.01807085507 -30.0864899494966
-828.871710403729 -1395.58540863862 -30.0894907471449
-830.037348449992 -1397.92037194705 -30.0912725525696
-831.201261525006 -1400.25607255849 -30.0912359625852
-832.478402710178 -1402.82404807499 -30.0935339444854
-833.636764112678 -1405.15940903509 -30.0937149986069
-834.794034309081 -1407.4932133408 -30.0962581618141
-836.063216215673 -1410.05876502595 -30.0991937328745
-837.213661687336 -1412.38941446488 -30.0990038767968
-838.476279269964 -1414.95080992797 -30.0984459565307
-839.620043257652 -1417.27664691227 -30.0968197421164
-840.760234501503 -1419.60010366473 -30.0934312309784
-842.011314052265 -1422.15340311112 -30.0879375669664
-843.146251279458 -1424.47397188204 -30.0789768663463
-844.279850415865 -1426.79568508669 -30.0664633740236
-845.521202136595 -1429.35005153663 -30.0550596113533
-846.650011205526 -1431.67198466658 -30.046082373635
-847.887751827602 -1434.22827064345 -30.036811961446
-849.013722787595 -1436.55191375082 -30.0279406900372
-850.137106208048 -1438.87503545725 -30.0144553189663
-851.371887798786 -1441.43073677338 -29.9921727332958
-852.49210679131 -1443.75323071862 -29.9687808874649
-853.610266755672 -1446.07586514166 -29.944729472687
-854.837968867175 -1448.629190232 -29.9239706899196
-855.950823480051 -1450.94835742278 -29.9058812905275
-857.063283995942 -1453.26645521552 -29.8872124646622
-858.28145951002 -1455.81495485681 -29.8659993311552
-859.385391976179 -1458.12980414722 -29.8456623430977
-860.595250005219 -1460.67566575617 -29.821080870875
-861.69222923659 -1462.98729165021 -29.79975451623
-862.786649247869 -1465.29641540674 -29.7788525849893
-863.987547655552 -1467.83250303475 -29.7551158429283
-865.076211697522 -1470.13249631028 -29.735470534704
-866.162471541939 -1472.43180401989 -29.7075476872161
-867.355307481657 -1474.95919802821 -29.670676572807
-868.436314906981 -1477.25536235505 -29.6404472442294
-869.514890438737 -1479.54710827193 -29.6067610365596
-870.696755433583 -1482.06409351456 -29.5673508333708
-871.767102170389 -1484.34898315172 -29.5304528152768
-872.938689272604 -1486.85730189092 -29.5008796883021
-874.000723106754 -1489.13286529736 -29.4775751275527
-875.059517616252 -1491.40537165542 -29.4617564703345
-876.22222340076 -1493.90086208661 -29.4459676366991
-877.27611925246 -1496.16418089003 -29.4295947894859
-878.327006235217 -1498.42274227714 -29.4157825217559
-879.480515647055 -1500.90196729041 -29.4017474176253
-880.526364835103 -1503.1511881002 -29.3900497069864
-881.673123808868 -1505.62029147216 -29.3855670570812
-882.713468776719 -1507.86064878102 -29.3791929002172
-883.752091556266 -1510.09705231891 -29.3689044475079
-884.890999743442 -1512.55459113519 -29.3522434962248
-885.922813594847 -1514.78551795067 -29.3372344599338
-886.952801216237 -1517.0149082488 -29.3254499076051
-888.081406038183 -1519.46228712422 -29.319033908371
-889.104780575803 -1521.68551746327 -29.3094776828602
-890.125665699846 -1523.90641454341 -29.2992623660407
-891.244994331217 -1526.34708497348 -29.2820676843342
-892.259246072029 -1528.56345880547 -29.2687565204299
-893.372729183345 -1530.99816379578 -29.2643266406167
-894.381637255631 -1533.20933603566 -29.2591515221487
-895.386998431901 -1535.41667025085 -29.2534942144275
-896.489230658323 -1537.84043641531 -29.2468757856542
-897.489190887115 -1540.04076022029 -29.2367823569621
-898.485028288245 -1542.23869768774 -29.2185098806248
-899.577714223945 -1544.65404973655 -29.2034348472024
-900.567322927919 -1546.84693825717 -29.194181866991
-901.552939594085 -1549.03637736637 -29.1937398564459
-902.632863199761 -1551.43948682995 -29.1950099446268
-903.611774892402 -1553.61988548289 -29.1903327861345
-904.587745951913 -1555.79607002038 -29.1814662069865
-905.657941038419 -1558.18636823577 -29.1680749522734
-906.626683713166 -1560.35552555766 -29.1565019692901
-907.687094826423 -1562.73769101297 -29.1463652839934
-908.649182138891 -1564.89842529357 -29.1397818576466
-909.609760750736 -1567.05524516151 -29.1356747163549
-910.66681232828 -1569.42181763371 -29.1355296522062
-911.62790840451 -1571.56829283534 -29.1369753408429
-912.589283020391 -1573.71062727498 -29.1378007407353
-913.647308521443 -1576.06320254375 -29.1368383707795
-914.609359445442 -1578.19875964857 -29.1375262779204
-915.66915170704 -1580.54462618313 -29.1370410890457
-916.633067572396 -1582.6739840523 -29.1388771804903
-917.596915208684 -1584.80016884175 -29.1424235032765
-918.657991824301 -1587.13648060368 -29.1432899247546
-919.623557314066 -1589.25886271401 -29.1424301453511
-920.588993117116 -1591.3778699419 -29.1418969110655
-921.652486180885 -1593.70495430829 -29.1400981628133
-922.620448777876 -1595.81564751273 -29.1404994170162
-923.590969118948 -1597.92087726618 -29.1427476507028
-924.663488732153 -1600.23247330088 -29.1464586882813
-925.641810648581 -1602.32602905546 -29.1514824683988
-926.72262990306 -1604.62194603392 -29.1580914476746
-927.708301978858 -1606.70124573122 -29.164141854484
-928.696897791099 -1608.77597779254 -29.1686472687924
-929.788106642283 -1611.04894417213 -29.1745436909878
-930.785451980159 -1613.1081041767 -29.1772931876843
-931.787179650764 -1615.15862878835 -29.1825299305137
-932.893177219996 -1617.40657533415 -29.1923729519194
-933.901893261622 -1619.44364606987 -29.2037645406981
-935.013848847548 -1621.67719810096 -29.2174812064446
-936.026554933264 -1623.70056328757 -29.2300740955333
-937.042230221944 -1625.71711606232 -29.2419088392769
-938.162168374094 -1627.92711563945 -29.257773041439
-939.181818088172 -1629.92897433367 -29.2709963179861
-940.201351981862 -1631.92519985598 -29.283520609731
-941.319489348631 -1634.11475222765 -29.2960485493622
-942.336049489468 -1636.10015387058 -29.3042510297787
-943.350306398846 -1638.07937316748 -29.3102094018093
-944.466009480898 -1640.25087925413 -29.3138821453926
-945.478244808311 -1642.2175154044 -29.316706478615
-946.590330359748 -1644.37553751548 -29.3174931983959
-947.597981572106 -1646.33174892177 -29.3210095492663
-948.603881093218 -1648.28191974006 -29.3275964289127
-949.709448183391 -1650.42178907942 -29.3326998399871
-950.709503593761 -1652.36328015083 -29.3394471891575
-951.70618757478 -1654.30072347558 -29.3462206001104
-952.796799148567 -1656.42839682111 -29.357343994368
-953.781268655054 -1658.35966799362 -29.3785418244776
-954.758891272792 -1660.28711614539 -29.4053021478014
-955.827204668752 -1662.40313064999 -29.4359797832881
-956.792324577122 -1664.32357650085 -29.4571259204088
-957.849304351075 -1666.43473397246 -29.4640856177926
-958.803960666879 -1668.35614921929 -29.4636720381709
-959.750548646218 -1670.27736299037 -29.4743040996187
-960.78138013354 -1672.39206724833 -29.4914086867016
-961.711556946124 -1674.3155730808 -29.5097042754294
-962.635704714607 -1676.23823509346 -29.5307871140364
-963.647560199178 -1678.35217830618 -29.5510196135814
-964.563737211733 -1680.27455992207 -29.567606331941
-965.564493166746 -1682.38899095859 -29.5929479941787
-966.468600568287 -1684.31082943942 -29.6169204671362
-967.369333189027 -1686.2310283442 -29.6402163024174
-968.358399262674 -1688.34105673178 -29.6625681639708
-969.255634988372 -1690.25658983062 -29.6816131005092
-970.151983408649 -1692.16927936454 -29.7009071612206
-971.136068997262 -1694.27022818316 -29.7242196210907
-972.028776115318 -1696.17656217774 -29.7460611135442
-972.919184201971 -1698.07956474545 -29.7678311053832
-973.896985093189 -1700.16887919622 -29.7908140773523
-974.784948680897 -1702.06489540114 -29.8088914177236
-975.760364916248 -1704.14725350671 -29.829323112075
-976.644935186425 -1706.03756170907 -29.8501897211703
-977.526027844983 -1707.92517569825 -29.874673781388
-978.492257855508 -1709.99850062773 -29.9009242563242
-979.367692967387 -1711.88069367404 -29.9268747959429
-980.240171867952 -1713.76114032692 -29.9537002221821
-981.196469207786 -1715.82662915031 -29.9840341291912
-982.063576527458 -1717.70147114042 -30.0145286299657
-982.926104199904 -1719.57351183241 -30.0434186237673
-983.869774929419 -1721.63191413339 -30.0673006550451
-984.722624356114 -1723.50264107946 -30.0855657303468
-985.65471099683 -1725.55921110008 -30.1140329470176
-986.496931584357 -1727.42744357335 -30.1454305262873
-987.335528617862 -1729.29362163386 -30.1770755911521
-988.252964840709 -1731.34322576651 -30.2150354157702
-989.082144065362 -1733.20260438565 -30.2507007984524
-989.90708828426 -1735.05917989284 -30.2824036366673
-990.807822180745 -1737.09532946293 -30.317725882661
-991.623408737817 -1738.93711500346 -30.3522071751912
-992.513712564122 -1740.95493200146 -30.3849089207298
-993.317918909069 -1742.78065404126 -30.4131916353166
-994.116868764276 -1744.59425329296 -30.4396753056701
-994.989424765695 -1746.5761170548 -30.4666412581136
-995.777302828666 -1748.36771316959 -30.4942753072065
-996.561868247534 -1750.15367502006 -30.5271537152222
-997.421101944437 -1752.11123878178 -30.5653196913999
-998.188301566278 -1753.88669779031 -30.6183407241852
-999.028326940056 -1755.82837654216 -30.6633169333601
-999.79748972352 -1757.58681099847 -30.6947878787545
-1000.56679169109 -1759.33362838797 -30.7195886397683
-1001.39900276282 -1761.24872610004 -30.749655250272
-1002.15782541456 -1762.9866523218 -30.7804785308279
-1002.91911619999 -1764.71635283501 -30.8152411035128
-1003.75747265153 -1766.60904275091 -30.8583451687378
-1004.51796660159 -1768.31521897476 -30.8975015565206
-1005.35373735943 -1770.18238402355 -30.9479633278397
-1006.10757599367 -1771.86331353137 -30.9832486812789
-1006.86102416362 -1773.5315294369 -31.0228214216752
-1007.68481641591 -1775.34968973105 -31.0654090594216
-1008.43068968773 -1776.98806997857 -31.1020362416042
-1009.1735130816 -1778.61176915911 -31.1383879870532
-1009.98704226384 -1780.38230135435 -31.1795318123436
-1010.72537009513 -1781.98043163225 -31.2173719607719
-1011.46026710048 -1783.56552482884 -31.2546515054827
-1012.26644556734 -1785.29398056472 -31.29489443652
-1012.99629743386 -1786.84804508218 -31.3317530340361
-1013.79699266954 -1788.53826882278 -31.3726274465743
-1014.52048371001 -1790.05624667845 -31.4095552758739
-1015.2396442713 -1791.55688188369 -31.4466850368049
-1016.02845437186 -1793.18908889202 -31.4874046299416
-1016.74575630996 -1794.65371235244 -31.5246112307143
-1017.46439137672 -1796.10124214421 -31.5637293411609
-1018.25810115292 -1797.67234654986 -31.60832129015
-1018.98281434817 -1799.08237829386 -31.6491764955167
-1019.78694252954 -1800.60953444016 -31.6951353284801
-1020.52710061573 -1801.97675962855 -31.7362944285025
-1021.28029427348 -1803.3232694692 -31.7770409036528
-1022.12500815865 -1804.78111000205 -31.8226019474724
-1022.91011850978 -1806.08485502042 -31.8650262215067
-1023.71150862544 -1807.36768303238 -31.9092365219871
-1024.61296130138 -1808.75520457609 -31.9612940301662
-1025.45013733498 -1809.99612028066 -32.0105008855231
-1026.39084339017 -1811.33887700223 -32.0665818351692
-1027.2664574036 -1812.537770195 -32.1194520675687
-1028.16278045473 -1813.71580461102 -32.171331165628
-1029.17471747454 -1814.98487129103 -32.234379980791
-1030.11632209646 -1816.11739830701 -32.2954237461141
-1031.08119648107 -1817.22711821409 -32.3590207483306
-1032.16655363905 -1818.42295949687 -32.4315846261903
-1033.18070947087 -1819.48362009551 -32.4995514423075
-1034.32155539498 -1820.6220207507 -32.572990370403
-1035.38570537233 -1821.62869072488 -32.6407042300785
-1036.47282051009 -1822.60764486473 -32.7117957859522
-1037.69387630518 -1823.65264478956 -32.7961470328041
-1038.82685818927 -1824.56996433684 -32.8796991342913
-1039.97951163567 -1825.45778553973 -32.968150439828
-1041.27422766963 -1826.39732915265 -33.0637836837481
-1042.47218066362 -1827.22003457999 -33.1490609625777
-1043.81376524771 -1828.0871981749 -33.2428398105349
-1045.05361498863 -1828.84254579919 -33.3288102040023
-1046.31247431569 -1829.56363515049 -33.4187720177511
-1047.71746370298 -1830.31591727464 -33.5222700838029
-1049.01330117603 -1830.96134864726 -33.6174446904222
-1050.32682544733 -1831.56932906349 -33.7123630057973
-1051.79052113764 -1832.19816637071 -33.8162929822829
-1053.13564315029 -1832.72984148079 -33.9134201840304
-1054.62940211287 -1833.27311714122 -34.0246973890566
-1055.99947658072 -1833.72571941828 -34.1294473506499
-1057.38065726019 -1834.14092277544 -34.2341428109093
-1058.91367363398 -1834.55204157454 -34.3486692231183
-1060.31561528291 -1834.88784829252 -34.4557042802868
-1061.7272048866 -1835.18534025744 -34.5646974571843
-1063.28791369087 -1835.46955015493 -34.6864497496369
-1064.71364781696 -1835.68925743005 -34.7993841239037
-1066.1447551147 -1835.87027878553 -34.9136886308159
-1067.72532014469 -1836.02640766707 -35.0391347231297
-1069.16624343561 -1836.12810823754 -35.1534575320518
-1070.75489424503 -1836.19891053395 -35.27926455551
-1072.20087510949 -1836.22417324468 -35.3940747242479
-1073.64890989861 -1836.21567418405 -35.511638074344
-1075.24403189264 -1836.16335251439 -35.6439609814745
-1076.69533234816 -1836.07965406379 -35.7647668161522
-1078.14601058082 -1835.95871886741 -35.885461848479
-1079.74125806955 -1835.78293516152 -36.0139603489037
-1081.19020346071 -1835.58384338719 -36.1280969221475
-1082.77957044256 -1835.32052675077 -36.2537627299823
-1084.22058700255 -1835.03986612153 -36.3679784131171
-1085.65384820832 -1834.72026347762 -36.4869003591951
-1087.22223094442 -1834.3255104352 -36.62159352451
-1088.6381047586 -1833.92320974065 -36.7424621904311
-1090.04523105664 -1833.48229091105 -36.8606685753781
-1091.58098319016 -1832.95098604882 -36.9911082017183
-1092.96555855355 -1832.4294942981 -37.1106334328077
-1094.32287041593 -1831.86500095986 -37.2230120955207
-1095.80782320836 -1831.19652844992 -37.3382060312305
-1097.13491163022 -1830.54257832245 -37.4402854626743
-1098.56862271803 -1829.77708250813 -37.5635482202614
-1099.86211481791 -1829.0463046144 -37.6549316178839
-1101.13354905399 -1828.28107697765 -37.7537853323345
-1102.50557689654 -1827.39778561452 -37.8615588062539
-1103.72681984923 -1826.55874917001 -37.9636858839962
-1104.92317382673 -1825.68739257273 -38.0680948658328
-1106.20843146865 -1824.68764679496 -38.1814313646878
-1107.34889808241 -1823.74697424181 -38.2861435922739
-1108.57038658132 -1822.67284610487 -38.3986583782752
-1109.65215153973 -1821.66439348907 -38.5014812181207
-1110.70419562494 -1820.62367957107 -38.604885811828
-1111.82718167031 -1819.44436175236 -38.7215537353302
-1112.81490480833 -1818.33882095689 -38.8250808487064
-1113.77179171696 -1817.20293022675 -38.9275024143084
-1114.79005270445 -1815.9200188026 -39.0359636829348
-1115.68211813999 -1814.72362169824 -39.1330102429569
-1116.6285671773 -1813.37747940488 -39.2388785306885
-1117.4538956895 -1812.1258993669 -39.336174090438
-1118.248143562 -1810.85055903651 -39.4340340116819
-1119.08244947513 -1809.41780671739 -39.5392673643582
-1119.80817976154 -1808.09201219767 -39.63374674436
-1120.50140467694 -1806.74249464571 -39.7271942503935
-1121.22813909335 -1805.23393915821 -39.8291641731317
-1121.85647950513 -1803.84152765055 -39.9212848698306
-1122.45489243702 -1802.42932540951 -40.0106347815883
-1123.07936168209 -1800.85444847645 -40.1110086804079
-1123.61245407274 -1799.40437224454 -40.203652783946
-1124.16429879921 -1797.78901260158 -40.302895056118
-1124.63367882991 -1796.30401445157 -40.3897127751794
-1125.07641563666 -1794.80419197475 -40.4759037597104
-1125.53214329442 -1793.13755401535 -40.5703713248358
-1125.92132269337 -1791.60968553249 -40.6563901108276
-1126.2867592678 -1790.06956796131 -40.7414830924356
-1126.66501104088 -1788.36299161844 -40.8333262140734
-1126.98770250401 -1786.79942461649 -40.9126714972168
-1127.29216203923 -1785.22474335412 -40.9914139118298
-1127.6068452979 -1783.48210956375 -41.0773002101364
-1127.87569952511 -1781.88704378805 -41.1562499034497
-1128.15313215379 -1780.12162414672 -41.2418969116696
-1128.38879794027 -1778.50696003755 -41.3187879437972
-1128.61144116053 -1776.88454284715 -41.3969904395246
-1128.84372552714 -1775.09286768822 -41.4856844338713
-1129.04677371725 -1773.45984013717 -41.5653303325363
-1129.24242270591 -1771.82317557593 -41.6441954900715
-1129.4481800492 -1770.02112775801 -41.7309690217309
-1129.62631955813 -1768.38129377056 -41.8093084065103
-1129.79726463015 -1766.74069682503 -41.8869948259749
-1129.97859519907 -1764.93339049877 -41.9736524330083
-1130.13721077363 -1763.29085212701 -42.0518508511829
-1130.30689159262 -1761.48229852571 -42.137894071065
-1130.45761352983 -1759.83655448106 -42.2148910411635
-1130.6059633692 -1758.19041665821 -42.2911720239275
-1130.76721705611 -1756.37671579406 -42.3751775652918
-1130.91150290927 -1754.72743590828 -42.4512915266828
-1131.0528031706 -1753.07876302076 -42.5266369532314
-1131.20721060612 -1751.26142911007 -42.6128488997866
-1131.34578291024 -1749.60974550189 -42.6918096247093
-1131.49614716744 -1747.79285434421 -42.7804164634116
-1131.63110585176 -1746.13996517055 -42.8620826851358
-1131.76367656593 -1744.48849903267 -42.9425356889742
-1131.90735440175 -1742.67570219326 -43.0282334021811
-1132.03543957694 -1741.03440449991 -43.1056185518572
-1132.1616410853 -1739.3986933937 -43.1835989127319
-1132.29867217963 -1737.60807850852 -43.2698007472966
-1132.41958180719 -1735.98758218479 -43.3456161871281
-1132.53840239201 -1734.37130008378 -43.4174716372591
-1132.66474188343 -1732.60004510837 -43.4931111042364
-1132.77687994707 -1730.99477850792 -43.5587004310954
-1132.89599490958 -1729.23648903846 -43.6306645234006
-1132.99858878734 -1727.6483761684 -43.6947873868023
-1133.09329371788 -1726.06937782326 -43.7591516517366
-1133.18595267172 -1724.34326295442 -43.8277891614394
-1133.25611298066 -1722.78580474231 -43.8894115468852
-1133.31233495159 -1721.23795867922 -43.9491080100749
-1133.35687637167 -1719.5491025047 -44.0117359856312
-1133.38080350388 -1718.02555456297 -44.0682999840695
-1133.38469025301 -1716.3642423436 -44.1296818303503
-1133.36655160045 -1714.86508096687 -44.1841774657975
-1133.32324472885 -1713.38076302178 -44.2366766766312
-1133.24595323874 -1711.76375855906 -44.2900455529527
-1133.14755305837 -1710.30742436126 -44.3346008111487
-1133.02123320728 -1708.86239705491 -44.3755531647771
-1132.84826448417 -1707.28936896176 -44.4161890400411
-1132.65802635567 -1705.87291696869 -44.4525668675725
-1132.3983897598 -1704.31734640908 -44.4962904468641
-1132.11165785723 -1702.89898622426 -44.532590305239
-1131.81890026214 -1701.49519206218 -44.5503582510199
-1131.4534392649 -1699.96408590967 -44.5618170519614
-1131.08482580977 -1698.58385147796 -44.5632868813816
-1130.67385464194 -1697.20669148221 -44.5520277632367
-1130.17266313148 -1695.72283179227 -44.540221793152
-1129.67795756683 -1694.38196720634 -44.5066566542842
-1129.08736121035 -1692.93699130719 -44.486111047053
-1128.50760736464 -1691.64009122408 -44.460140564947
-1127.88476942417 -1690.37257932593 -44.4446836713057
-1127.15169806045 -1689.00430282158 -44.4234147371528
-1126.43939217385 -1687.79146478174 -44.4032046468448
-1125.68876874029 -1686.60537724868 -44.3833787929878
-1124.81663835687 -1685.33305221352 -44.3580793119924
-1123.98515908384 -1684.20784592165 -44.3360783436959
-1123.02641402275 -1683.00579924031 -44.3093129181742
-1122.11812178029 -1681.94818993316 -44.288215881685
-1121.17362707505 -1680.92403142034 -44.263749042654
-1120.09465562481 -1679.84053783501 -44.2350642085965
-1119.07870994294 -1678.89272904028 -44.2018647479559
-1118.03146617072 -1677.98246030692 -44.1668941745923
-1116.84532642537 -1677.02289364945 -44.1238168069432
-1115.73628286993 -1676.19204186273 -44.0828927855123
-1114.48534999531 -1675.32166535759 -44.0347737045013
-1113.31988161562 -1674.57269565715 -43.9875382270537
-1112.12935228333 -1673.86024109936 -43.9349543952399
-1110.79132491893 -1673.12091236071 -43.869930503304
-1109.55474432844 -1672.48588043035 -43.8127164434561
-1108.29825090417 -1671.88919257461 -43.7563170821401
-1106.89541138119 -1671.27435585687 -43.6908755572978
-1105.60135158394 -1670.75491755143 -43.6303729178512
-1104.29026949229 -1670.27119747646 -43.5631458498206
-1102.82915505619 -1669.78070685722 -43.4853631224036
-1101.48526162756 -1669.37726445856 -43.4179748592479
-1099.9947191104 -1668.98011904373 -43.3518589528995
-1098.62726814816 -1668.66853265303 -43.2895667725022
-1097.24723006974 -1668.4013631437 -43.2083668060404
-1095.71494442725 -1668.16353166462 -43.103634801813
-1094.31291622631 -1667.99322310055 -43.0114142097956
-1092.90457438867 -1667.86951365059 -42.9287534511655
-1091.34950822425 -1667.78350859214 -42.8443099589737
-1089.93231103402 -1667.75551324806 -42.7646545945474
-1088.36965290666 -1667.77652224276 -42.6695341877041
-1086.94994030461 -1667.84600742788 -42.5757765192906
-1085.53201191111 -1667.95984217837 -42.476959722936
-1083.97704573066 -1668.1378768842 -42.364484275761
-1082.56729552291 -1668.34818090256 -42.2626487388402
-1081.15801434167 -1668.6022831199 -42.1635918871982
-1079.61293618326 -1668.93827386631 -42.0531737157609
-1078.21217401325 -1669.28995266554 -41.9512092877967
-1076.67654112005 -1669.72817482323 -41.8391885944674
-1075.28559593242 -1670.16886698151 -41.7379380985521
-1073.90033315966 -1670.64976435142 -41.6379070719248
-1072.38434945949 -1671.22126240406 -41.532557580998
-1071.01386524326 -1671.77830047597 -41.4368878373452
-1069.64722509943 -1672.36697827479 -41.3388563545567
-1068.15467026268 -1673.05132432911 -41.2274452914566
-1066.79963639664 -1673.70077879032 -41.1246688887676
-1065.44640780761 -1674.37326365614 -41.0233967495971
-1063.96396317444 -1675.14200794145 -40.9196498929753
-1062.61903465787 -1675.86423519186 -40.8265163268294
-1061.14611184879 -1676.68718902741 -40.7218245325838
-1059.80846196926 -1677.45541561218 -40.6222745931712
-1058.47211742664 -1678.23942123987 -40.5238575967583
-1056.99540769256 -1679.11263435784 -40.4188816649945
-1055.65610697946 -1679.91916220538 -40.3237794940071
-1054.30750417038 -1680.73358869716 -40.2282709414708
-1052.81802267373 -1681.6390795333 -40.1231657855416
-1051.4553202332 -1682.46859046859 -40.0321724592392
-1050.08761772142 -1683.30494901845 -39.9435116884248
-1048.58103869856 -1684.23491576675 -39.8465662446936
-1047.20126354347 -1685.08591920006 -39.758002433714
-1045.68454149047 -1686.03165778949 -39.6571771080264
-1044.29605502758 -1686.89791792903 -39.5616674783667
-1042.89840936717 -1687.77195457014 -39.4635677456502
-1041.35577621562 -1688.74415966594 -39.3608380231018
-1039.95105463673 -1689.63613248494 -39.2709433374916
-1038.5392120678 -1690.53239712251 -39.1809401697131
-1036.9722167229 -1691.52161193833 -39.0765289977729
-1035.539098515 -1692.42510147416 -38.9755401215484
-1034.0994082422 -1693.33321259251 -38.8737265268234
-1032.5059951278 -1694.33613248958 -38.7688349988075
-1031.046694307 -1695.25017073408 -38.6764639975912
-1029.43299891545 -1696.25795932733 -38.5712205400649
-1027.95564051662 -1697.17468177543 -38.4734543565975
-1026.46780749808 -1698.09185200399 -38.373166033096
-1024.81964777228 -1699.10055954751 -38.2609803655544
-1023.3139960661 -1700.01773940593 -38.1566189117613
-1021.79498385512 -1700.93520565215 -38.0527633944123
-1020.11385604686 -1701.94493252974 -37.9396425134955
-1018.57474650756 -1702.8627192011 -37.836067059868
-1016.86865283365 -1703.87128081051 -37.7196716800799
-1015.30591496486 -1704.78687490239 -37.6175506277932
-1013.73160084839 -1705.70179299963 -37.5197551791602
-1011.99152442801 -1706.70922900769 -37.4111922610723
-1010.40143275531 -1707.62795553413 -37.3094988084294
-1008.80526436971 -1708.55015623482 -37.2046373745922
-1007.04226921848 -1709.5687889893 -37.0895682797378
-1005.44121574132 -1710.49800789627 -36.9826660526444
-1003.66831327014 -1711.52143127354 -36.8611470101258
-1002.05090354622 -1712.45196288493 -36.749713259443
-1000.42825814299 -1713.38250804499 -36.6407997746962
-998.643902952259 -1714.40737932713 -36.5288139048354
-997.019603275213 -1715.34130369199 -36.4246619964871
-995.389967592813 -1716.27788949857 -36.3125854679985
-993.596533628709 -1717.30959850649 -36.1817448581478
-991.96036134528 -1718.24565097319 -36.066190563177
-990.323086161259 -1719.18130614464 -35.9559625261207
-988.519736107697 -1720.21526213399 -35.831463796168
-986.887432256347 -1721.16249470352 -35.7174124404841
-985.089769751975 -1722.21084367863 -35.5897808511279
-983.457218688404 -1723.16940118704 -35.4727262777298
-981.822259716416 -1724.13303188538 -35.3516155809828
-980.025344691997 -1725.19756744459 -35.2225549791634
-978.390810878414 -1726.16810269654 -35.1183821276382
-976.753742242264 -1727.14325386685 -35.0169599614527
-974.956343392727 -1728.22116229788 -34.9073604852076
-973.322727889282 -1729.2043307916 -34.8050132752896
-971.522291943627 -1730.28842690044 -34.6870631066492
-969.882037065947 -1731.27724179731 -34.5755473950556
-968.2400859531 -1732.26928870032 -34.4651248177592
-966.432125494953 -1733.36294143781 -34.3506329889582
-964.787456663501 -1734.35964933124 -34.2460459861331
-963.140328214857 -1735.35909262169 -34.1389651130066
-961.327050924282 -1736.46203389721 -34.0181646415295
-959.67746961965 -1737.4695889998 -33.9067970087371
-958.028533361961 -1738.48367071648 -33.79332724337
-956.219123203853 -1739.60800162522 -33.6795871104088
-954.575811829219 -1740.63593244115 -33.5813483369996
-952.761168841271 -1741.77185322963 -33.4700843116344
-951.110588350279 -1742.80666209973 -33.362284645267
-949.454600613552 -1743.84346929804 -33.2507673142124
-947.63385252953 -1744.9881047853 -33.130470754244
-945.977281933388 -1746.0333383267 -33.0221500420124
-944.318268573219 -1747.08319062303 -32.9126805491639
-942.49407288888 -1748.24203902053 -32.7926683757798
-940.82785404958 -1749.29960906931 -32.6831205741373
-939.155110701876 -1750.35915164915 -32.573547992186
-937.306962765608 -1751.52459762165 -32.4498524515688
-935.620272697768 -1752.58531492649 -32.3329054708956
-933.760488454558 -1753.75424654354 -32.204198128508
-932.065623369376 -1754.82052469309 -32.0862317323261
-930.366769358857 -1755.89094693522 -31.9689968555651
-928.487991305589 -1757.07449354587 -31.8432091249929
