0 0 0
0.0860723550748096 -0.00328342818359536 0.00141128846330301
0.183697732360627 -0.00681428563098243 0.00277323621680817
0.276176563308617 -0.00847932306979687 0.00363886973388323
0.374442725376496 -0.00882137959138875 0.000928845764397305
0.493252773997811 -0.00833683919731297 -0.00165590569860859
0.612477001569315 -0.00723189692837565 -0.00299089196112387
0.756584626484154 -0.00346748335793724 -0.00325533297871296
0.899416992858243 0.00128355424894011 -0.00289235102757942
1.05229138712574 0.0102327542427162 -0.00244452384518946
1.22834190056644 0.0245914794269931 3.80478278690071e-05
1.39426550409211 0.042973137580794 0.00241614847774004
1.56518248960088 0.0683300200056343 0.00561480795086024
1.76025102538288 0.102986760052908 0.0103052015126855
1.94318595482891 0.139328729909368 0.0115028491216649
2.14900611526565 0.188534930778613 0.0123572266279926
2.33849983281102 0.242149217620857 0.0141362101634078
2.5310440515092 0.30009008477273 0.0151181927035758
2.74137035988363 0.37470454613195 0.0149345854486531
2.93245016229266 0.454929408604021 0.00972412361838667
3.1249608917077 0.53985353530109 0.0039420794153773
3.33852822437343 0.639440153059431 -0.00237408616001325
3.53285911285506 0.738075784065488 -0.00428015011657464
3.74348951236378 0.863246268651318 -0.000662360020518598
3.93126322509618 0.993314873326938 0.00420857046116671
4.11843844368794 1.13480276570413 0.00542515926771298
4.32606791206002 1.30361925661137 0.00574479164508808
4.5155670901464 1.46823810139355 0.00571427450876053
4.70167739254791 1.6515482806227 0.00488613974646192
4.89787945294358 1.87411038299378 0.00537027623420921
5.07025467302371 2.09509682340515 0.00506100683639992
5.23523088491001 2.33237749531969 0.00238423137222974
5.40532204284904 2.6156991947979 -0.00148676972200441
5.54962975732616 2.89515346551311 -0.00690695321629891
5.69524087260323 3.22636844963681 -0.0129608184035769
5.81494446399623 3.54757458953159 -0.0143661942259738
5.92500394731947 3.88546720630771 -0.0147462087097919
6.02585650917748 4.27980536577432 -0.0205619649173755
6.09748236733334 4.65849217039877 -0.0303077639302503
6.15732264790059 5.09783553809799 -0.0454074404036391
6.19717450814315 5.51493822977581 -0.06194134346794
6.22336034694286 5.94894727439375 -0.0772476698573963
6.23971026604708 6.44241614786842 -0.090677546475424
6.23712113149569 6.9085620033035 -0.102987738071304
6.2191790103242 7.44012044650135 -0.119769071900268
6.19354125267401 7.9406287183402 -0.135656384015336
6.15877482794201 8.4558901486637 -0.146790227575525
6.11184225017996 9.03772831119754 -0.153205206662711
6.06050181225164 9.58268667110674 -0.158137620005151
6.00166579462959 10.1988928504396 -0.170494194081131
5.94479142898502 10.7759634905889 -0.185382777658563
5.87735576382426 11.4276269089168 -0.198204638937196
5.81411591236888 12.0360118488603 -0.205365210781312
5.74970898803542 12.6567318508236 -0.216695726809028
5.67659419286164 13.3556692399564 -0.237125563269731
5.61224075098044 14.0064341162874 -0.256196985688382
5.5411760377579 14.7403107793727 -0.275664819763415
5.47542878928751 15.4219974142362 -0.290271678185621
5.40402702801814 16.1873893814512 -0.305933053892762
5.33955841402637 16.8965078564765 -0.329757217024419
5.27483755355069 17.6181345047848 -0.358378575799578
5.20381281546387 18.4262230439119 -0.38551417719077
5.14311818466846 19.1760938604521 -0.406214992241097
5.07660308637209 20.0083748008145 -0.426759900696555
5.01457743038325 20.7736767195287 -0.446139295142885
4.95275601810845 21.5437623009601 -0.470272879981302
4.88702784555999 22.3990167936895 -0.497649984968013
4.82860553178429 23.1869588853213 -0.521563713035613
4.763189314962 24.0625640065278 -0.539684190712658
4.6988817788788 24.8656983730655 -0.54508897409504
4.63354734291562 25.6725473484579 -0.555573157014503
4.55798709571398 26.5615247682754 -0.572675297926195
4.48786329810149 27.3695574439681 -0.592794764804748
4.41169384571385 28.2573160558245 -0.621018711056317
4.34396075251743 29.06294042781 -0.648467703664138
4.27557843286603 29.8693201643095 -0.67154521862613
4.20055505920985 30.7550513849569 -0.690155726530049
4.1307362710653 31.5600825279422 -0.711631363940072
4.05588918630768 32.4417137857162 -0.740938492248504
3.98978593437537 33.243259685575 -0.765110145032559
3.92404956190068 34.0449983939802 -0.780559024792723
3.85307401781013 34.927703602853 -0.790684394531108
3.78882568193014 35.7300238505047 -0.802665326753929
3.71774840588895 36.6129095367837 -0.819222160610662
3.65423297065591 37.4130269528965 -0.836769825568792
3.59142233918911 38.2116793720812 -0.860397243095015
3.52155076194466 39.088620086484 -0.893077148084025
3.4571758641717 39.8840807156577 -0.920213744818634
3.3841064969844 40.7592033624276 -0.947500023986727
3.31842510005162 41.5536356288404 -0.971773680001854
3.25582305397815 42.346502536246 -0.989116714970685
3.19003279219692 43.2159700886518 -1.00977581173959
3.12793424214311 44.0046825940041 -1.02820208906174
3.05900228020987 44.870627693819 -1.03988707116774
2.99545961241622 45.6559602261996 -1.04632429804001
2.93196181824315 46.437649554132 -1.05673855147102
2.86085559153775 47.291872251608 -1.0758823885166
2.78963892142364 48.0632658950183 -1.09520774452388
2.71718455570293 48.8313833717317 -1.11644919904591
2.63476675132447 49.6717764495353 -1.1387476577822
2.56052869296943 50.4343263046989 -1.15118241575519
2.48195455841095 51.2694196638839 -1.16454151227153
2.40960716631311 52.0236557638128 -1.1796744618928
2.33708397845168 52.7743579940566 -1.19174518071394
2.26005484675304 53.5947453236054 -1.2055701740762
2.19023804578412 54.3377697196156 -1.21600194831199
2.11013903962996 55.149644857164 -1.22862239689688
2.03915918109357 55.8810469672997 -1.24329091132333
1.97066705637316 56.6058850746548 -1.26207196427956
1.89500956406669 57.3959542817578 -1.2823983490307
1.82496191099884 58.102897455503 -1.30052343916226
1.74898437492529 58.8691913401028 -1.31828369872961
1.68160365113845 59.5511081337208 -1.33256762858902
1.61614516575333 60.219295523729 -1.34351164532245
1.54821270913964 60.9371039117561 -1.35121386763385
1.49162977713594 61.5741958305702 -1.35833132523416
1.43469796744449 62.2596481296299 -1.36485645462783
1.3865589841001 62.8688301161839 -1.37178088535742
1.3426647645331 63.4637921758733 -1.37989993426945
1.30392874252618 64.101706850754 -1.39179896739444
1.27832061597372 64.6634336454685 -1.40293678561948
1.26365161810103 65.2611530179125 -1.41447283204733
1.26444667919213 65.7838069552424 -1.42327056007018
1.28439190218366 66.3358690760875 -1.43302723625548
1.31582298705506 66.8168739965257 -1.4396312370176
1.35981339248531 67.2810053230053 -1.44697966297891
1.42570903672402 67.7768706855196 -1.45405002137163
1.50306642799008 68.2198884420238 -1.4596177621721
1.61025843051725 68.6975212404818 -1.46443458088733
1.73280103274812 69.1198510992574 -1.46967230268131
1.89143987354556 69.5729949927569 -1.47855952071129
2.05641829723572 69.9756181458794 -1.49084656869476
2.25815397539779 70.4086861221776 -1.50424889461771
2.46268117449208 70.7892551090288 -1.51348235458242
2.68846057254376 71.1535845206289 -1.51913485749908
2.96067779083607 71.5325128826682 -1.52081053885441
3.21886353885339 71.8649827328233 -1.52740252129401
3.51816031932315 72.2219741902487 -1.54256645266258
3.81319092678822 72.5386810547029 -1.5641743431162
4.16694246356544 72.8785770263121 -1.58494743061637
4.51696033092242 73.1759415635028 -1.59259295650098
4.89586067110349 73.4593893957498 -1.59899147406397
5.34295867246752 73.7583800581046 -1.60537541301893
5.7771180395633 74.0136065653058 -1.60069785371141
6.28501842345347 74.2757060780155 -1.60092937021615
6.76962180082305 74.498418576289 -1.60778297926215
7.28011531992914 74.7043239621714 -1.60889254926331
7.86556721682846 74.9116796759546 -1.60178521078908
8.41964388649675 75.0858305669195 -1.59639375454401
9.048186061049 75.2648143871433 -1.5940025226579
9.63825614712644 75.4197136564562 -1.5898505171206
10.2430644784277 75.5685601777657 -1.58886245035361
10.9265775440118 75.7232777312335 -1.58661550900953
11.5648637335498 75.8532336494345 -1.58856676992683
12.2181186039952 75.9755384447403 -1.59207097304163
12.9553287039073 76.1062099068925 -1.59571900350189
13.6418046234506 76.2154643592093 -1.59690995219373
14.4103716131387 76.3275542334907 -1.59654478657477
15.1213991671161 76.4205523591476 -1.59809413414929
15.8439417872586 76.5073062075103 -1.60394548205355
16.6514500496839 76.5951246431414 -1.60333770284547
17.3932044073557 76.6732659782088 -1.59056333535603
18.1368233366817 76.7500303331595 -1.57399750633755
18.95457259254 76.8282973738739 -1.56328314465447
19.696071647329 76.8930579536117 -1.5627013520331
20.5120313940094 76.9621997080175 -1.56159147642965
21.2547905533766 77.0222229688491 -1.55824007148573
21.9977075242644 77.0784892136165 -1.55338980372792
22.8134046239995 77.1356929463402 -1.54631108609746
23.5524233138128 77.1829198216116 -1.54342063794723
24.291646535069 77.2324029492363 -1.55124854007984
25.1036699319998 77.2910459629429 -1.55285988755996
25.8398208524039 77.3421618357401 -1.55137197682142
26.6500585447858 77.3995037725949 -1.53928228560147
27.3799431119327 77.4571600954751 -1.52041357890036
28.1079456826507 77.5118711041152 -1.50099525389896
28.9058459436673 77.5667453402227 -1.4888493024011
29.6297031269222 77.61007801765 -1.47865934081779
30.425524012116 77.6566750372276 -1.46666923162684
31.1528160116789 77.6988498663398 -1.46038360531722
31.8832332816837 77.7388067083574 -1.45231113151963
32.6927476174587 77.784384324211 -1.43990967843286
33.4312355105833 77.830569501666 -1.4321258742778
34.1742959314591 77.8767499814341 -1.42477213795982
34.9978989073414 77.9271047552368 -1.4110257700538
35.7532576777165 77.9716759457657 -1.40213316541955
36.5880613819307 78.0245749848729 -1.3926935813971
37.3536778382795 78.0768997239061 -1.38220734534535
38.1213723384355 78.1316283516197 -1.37728581478185
38.971577378892 78.1927136723209 -1.37299782911129
39.754467700326 78.2479253307497 -1.36975056429771
40.6222430157183 78.3106287141184 -1.3573294026002
41.4193733654538 78.3698197980193 -1.34510842187454
42.2236454341122 78.4268288775455 -1.33888714531435
43.1151206548997 78.4951093049491 -1.32822280998219
43.9306340793714 78.5594333726643 -1.31411370866083
44.7533430991846 78.6245442968098 -1.30359842303883
45.6633876605362 78.6999079838817 -1.29920850079043
46.4940590242003 78.7675363676483 -1.29688178164352
47.4120298299279 78.8371888423699 -1.29235084056936
48.2502499796519 78.8961127693373 -1.28595759536109
49.0899608187089 78.9564711871945 -1.28061079989318
50.0178052063303 79.0239262601483 -1.26634289480495
50.8608408071833 79.0809336941763 -1.25442684506975
51.7860585241765 79.1459717428722 -1.24660523555849
52.6229973289046 79.206820366746 -1.24340716366852
53.4560947841865 79.2684082923555 -1.24242076390321
54.3689249329165 79.3347700498428 -1.23566750937905
55.195297650295 79.3952738993425 -1.22505413033246
56.1006236105518 79.4586655143132 -1.20529699334793
56.9193352126281 79.5158839577885 -1.18290300793163
57.7357505983021 79.5725511493701 -1.15427923608937
58.6295666173633 79.6368966939349 -1.12707807431299
59.4359052594798 79.6892905686279 -1.12087627126134
60.3183830481661 79.7487720915009 -1.11382338595261
61.117694900925 79.8044998968396 -1.10337947933515
61.9117833764782 79.8652685016226 -1.09311568264621
62.7798757085002 79.9356162822934 -1.08221845725501
63.5667378920318 79.9956194120611 -1.07192602514997
64.4263823672094 80.0667069343785 -1.05538508732513
65.2059649931014 80.1349939342547 -1.03508160250842
65.9821567336763 80.2038203694881 -1.01740761566846
66.8318313504515 80.283292003742 -0.991345756438149
67.6007740293014 80.3602852407073 -0.970289771167286
68.4414991973423 80.4458427428884 -0.954814305567317
69.2019736337485 80.5277021002166 -0.945876182828865
69.9587129201111 80.6128458283491 -0.935626988343367
70.7856396963172 80.7123777443653 -0.929276630905982
71.5294261833729 80.8148726310263 -0.92564779595394
72.2702154229761 80.9202159948974 -0.925902345175124
73.0811257936455 81.0365271633173 -0.923774142170203
73.8156543241802 81.1478853707904 -0.918503360370773
74.6168429117101 81.2834060415395 -0.90683005470429
75.3431273892817 81.4047025936499 -0.895191038187621
76.0640905435086 81.5292585722588 -0.880640008781347
76.8534743773784 81.6669908029837 -0.879733419820529
77.5679557494191 81.7970860259988 -0.884818472676081
78.3509638830858 81.9448118435792 -0.87727998236612
79.0595944320294 82.0869926859213 -0.859496107914359
79.7664532742681 82.2354113483178 -0.850100714801196
80.5407370103047 82.4088461962228 -0.834687726706382
81.2406599826857 82.5677579166502 -0.827462195434934
82.0033024846181 82.749348672646 -0.831916383590444
82.6899802869992 82.9234129499709 -0.842773288142721
83.378222843428 83.0998863723902 -0.853553155048818
84.1402937039179 83.3028242000534 -0.854232505588225
84.8306663655098 83.5024900944721 -0.844054879774148
85.5211241166146 83.7096814977974 -0.838824806001755
86.2754743887221 83.9443752860657 -0.845661035855002
86.9590996906525 84.165998215727 -0.855533479440563
87.7063964043643 84.4234634618894 -0.862072247548131
88.3871621678792 84.6616618083902 -0.868865203943902
89.066820501859 84.9081048808592 -0.869988864825239
89.8115698839105 85.19049528491 -0.864590686318323
90.4825448648814 85.4549619178426 -0.866700848280998
91.2230665018121 85.748391897135 -0.874101343223431
91.8969793162935 86.0227480808403 -0.875526032777643
92.567249044133 86.3098470400454 -0.873701219267729
93.2980186510003 86.6369558706907 -0.893613412851027
93.96331250796 86.9316255304473 -0.918452498797486
94.6985565607313 87.254806258946 -0.940500379943106
95.3684205279784 87.5551919287307 -0.949101944429146
96.0403218714257 87.8644582216088 -0.94888475516414
96.7817919149767 88.202874880095 -0.944849572412606
97.4536764613469 88.5127875150449 -0.947173563731343
98.1880954392792 88.860951096358 -0.957984330526799
98.854166131183 89.1817837681049 -0.971244419919883
99.5188276586619 89.5071719419882 -0.974000154193388
100.248165336597 89.8713343609577 -0.966067316496672
100.90863685328 90.2037520235184 -0.96135930622252
101.634331734553 90.566734632608 -0.959675448067736
102.288334800454 90.9011385959867 -0.958991903057105
102.938518656488 91.2365170439976 -0.959189500242324
103.649928216115 91.6107362006012 -0.958377313606345
104.290516590857 91.9548673448194 -0.95877333620763
104.990529864358 92.3329085161656 -0.959151294228071
105.620112029684 92.6765059657383 -0.960756314035772
106.243476742508 93.02236033128 -0.961611533037385
106.924868144958 93.4033401245842 -0.963239719911112
107.539925997765 93.753978516141 -0.960594356692813
108.148971529668 94.1026504650581 -0.950301044532192
108.810233193799 94.4829176636823 -0.938139588415884
109.400626265567 94.8217380952817 -0.934148540769103
110.036976969264 95.187502741033 -0.942066688070304
110.59969915016 95.515161999975 -0.951667785333607
111.148664737758 95.8395936069956 -0.960371198512159
111.735338488787 96.1903675607598 -0.96897272852547
112.254720571493 96.497413818666 -0.974678607055035
112.806476401273 96.8260911790372 -0.975625092946634
113.289491733536 97.1170273299655 -0.976025874772652
113.753903294991 97.3949962550789 -0.980100834660533
114.242406807834 97.6885767133602 -0.983698698713165
114.665252702282 97.9464043630181 -0.988120292920507
115.108169299449 98.2228668769916 -0.989674763367112
115.493516608157 98.4635594594663 -0.99173398752941
115.863150132911 98.6941003026428 -0.99544632197665
116.251611814607 98.939900036946 -0.998472383886343
116.585457990314 99.1562788679301 -0.99926796636551
116.900681438251 99.3676614881849 -0.998332422539849
117.227666842881 99.5921623637825 -0.99406150302811
117.509331733011 99.786964708334 -0.988496365735942
117.800728606763 99.9860143752095 -0.986018405742383
118.050323404402 100.15664625062 -0.986685679589924
118.286150887395 100.318397474534 -0.986800106330082
118.528015306483 100.49002153428 -0.986965039098983
118.730842330608 100.641736662527 -0.986751627313395
118.937131479536 100.805126263842 -0.9887569145045
119.114368044816 100.945646425094 -0.988114876891871
119.279097047538 101.082310401905 -0.992499791685352
119.448544612429 101.23001356139 -0.999769551423839
119.593120818148 101.366527283599 -1.0093121286896
119.730786451584 101.510184442588 -1.01897902633943
119.882611306065 101.667573904631 -1.02300074922583
120.020875449744 101.812377473996 -1.02732952232167
120.155815425507 101.957346005984 -1.03109595862361
120.295536386428 102.121393576635 -1.03489930736216
120.415365456859 102.274774926277 -1.03999346930499
120.543486938012 102.445811826788 -1.04248901839745
120.655745861095 102.602157331134 -1.04404057255131
120.760449539571 102.763765526617 -1.04690196924085
120.868506764908 102.944738408732 -1.04802909891622
120.96214665497 103.112081936639 -1.04840350640077
121.056251246102 103.282268429973 -1.04776888237896
121.159893803251 103.485942898414 -1.05281089152258
121.252378596643 103.691861142208 -1.06301869575533
121.353204236124 103.938863872414 -1.07381533399064
121.442159238459 104.18124466101 -1.08361585490126
121.526191039234 104.438576604683 -1.09244438812443
121.610457848894 104.742019239213 -1.10757589917405
121.675667439683 105.033570117723 -1.12025207279904
121.726498405478 105.341381985933 -1.13224340034998
121.769744173345 105.691824508361 -1.14046366562875
121.795426742201 106.023033244672 -1.14458761711852
121.805646117943 106.400215572205 -1.148423555534
121.794372399777 106.757516550417 -1.1536640308552
121.763472650002 107.126845925001 -1.16006673649447
121.706977844761 107.540512988406 -1.16749288886463
121.632524904203 107.93208309399 -1.17795889186626
121.537341474773 108.334098109288 -1.18821257071062
121.402095849832 108.793050405971 -1.20240885714589
121.251180650788 109.219279731319 -1.21587529894799
121.055748619222 109.696621452026 -1.23197269248225
120.848041137058 110.137741656076 -1.24808557868702
120.608636244171 110.590097158079 -1.26663648131139
120.314330822113 111.092374913732 -1.28791399627136
120.018477116201 111.558903332264 -1.30836623763606
119.670263777838 112.076446899118 -1.32557369506484
119.331524777387 112.559086042046 -1.3415476814894
118.941068415657 113.102021403084 -1.358052282499
118.569072403289 113.607559282545 -1.37402200241374
118.180449999912 114.121525946662 -1.38987135620536
117.734583182337 114.693611719676 -1.40947614766142
117.316230701042 115.223263553327 -1.4291098007867
116.84134143836 115.816954776677 -1.4505573174696
116.396414454557 116.36874280676 -1.47096543127097
115.94020609828 116.926588807323 -1.49191095701862
115.423086535674 117.554886913844 -1.51676483014689
114.943122032307 118.135373342568 -1.53897641127176
114.402759202683 118.79028206021 -1.56535639948183
113.901081237803 119.395933016814 -1.59047144286676
113.336779673761 120.074113634273 -1.6180270646314
112.813207182405 120.690654107601 -1.64409015225053
112.280363260497 121.32025410996 -1.6683394696404
111.686143621803 122.019493090437 -1.6982087204336
111.138774244297 122.666221472169 -1.72877029543843
110.527940075666 123.386510263242 -1.76259897128602
109.964177794447 124.055275611451 -1.79023312099372
109.392283964898 124.733032798254 -1.81603245287649
108.75342548751 125.48551287644 -1.84610283989646
108.165658731498 126.17771622143 -1.87297120784023
107.511983538054 126.947382437962 -1.8976359864033
106.907149577111 127.654312092295 -1.91492370547994
106.29756425398 128.368604256905 -1.92702048306598
105.623096731842 129.162391991443 -1.94077207350194
105.011729098163 129.885839103796 -1.95391345451439
104.342189641338 130.685861521168 -1.97121723516258
103.732216461534 131.413383409329 -1.98783981761102
103.119592593349 132.140187665202 -2.00581118305555
102.444547093839 132.939363017336 -2.02758367987985
101.829951223357 133.668928360065 -2.04461725118146
101.154565658591 134.474453905026 -2.06176820328832
100.540042451987 135.2049833235 -2.07960924662343
99.9247198848426 135.935211759237 -2.10034491872596
99.2450716861879 136.740669245458 -2.12706657483582
98.6307554725933 137.474708608576 -2.14616080488906
98.0156682942847 138.208834270261 -2.1632203505941
97.3384793759873 139.009437875012 -2.18411926580486
96.7222266775516 139.737728520085 -2.20270032218558
96.0441725574875 140.53383654525 -2.22473575302166
95.4271395951212 141.265648726315 -2.24055907988403
94.8095187639071 141.993387346556 -2.25700628597915
94.1300648634356 142.793891121193 -2.27464716375994
93.515071952869 143.519517951175 -2.29230734953327
92.8391131782096 144.320258333435 -2.3114415628452
92.2280162672111 145.04899302009 -2.32552724795324
91.6178518443058 145.779051353526 -2.33793854418964
90.9474482512585 146.584668814311 -2.35343629451137
90.3398125875752 147.316361964478 -2.36842893087285
89.671248052154 148.121158232876 -2.391863235083
89.0646983307515 148.849272904179 -2.42488080268687
88.458136589574 149.5783777963 -2.45776850472723
87.7900726333367 150.378226848212 -2.48593919521864
87.1828140067379 151.106749839244 -2.50465701762195
86.5785297631816 151.831643106967 -2.52558726027005
85.9168812445141 152.627595651914 -2.55353774426643
85.3153766796778 153.347587546868 -2.58034763000248
84.6529929431671 154.138382359675 -2.60645697858795
84.0511124321084 154.854718539979 -2.62720491046935
83.4511340118788 155.570155757174 -2.6506589331077
82.7930396374443 156.354568752139 -2.68172006787586
82.1965727402567 157.06143095774 -2.71154216783904
81.6000537325579 157.759184663553 -2.7401124751279
80.9444326593792 158.525807858288 -2.7711393295389
80.3479791292692 159.220696111703 -2.7963013439652
79.6958685373011 159.985548925713 -2.82434927190913
79.1047780792088 160.678766553682 -2.84922335887651
78.5164652041475 161.370889776526 -2.87376717740723
77.8728959875511 162.130656609163 -2.90017052649513
77.2906489766573 162.822189273786 -2.92629769544193
76.6515749261883 163.580124378523 -2.95474680725673
76.0742428481626 164.269963210225 -2.97823224504315
75.499781611376 164.959184169809 -2.99922975875912
74.8711261902832 165.714709401639 -3.02253309830551
74.3057530456634 166.401655836202 -3.04556115250022
73.7470638895503 167.089274222711 -3.07094979326379
73.1341290082965 167.834468576621 -3.09733229943594
72.5892108594365 168.509025671384 -3.10590911183834
71.9946599949189 169.240278274725 -3.11545445264488
71.4648197596646 169.899969958243 -3.12444241001071
70.9398695429692 170.547798000035 -3.13609838564715
70.3717406980285 171.250421951199 -3.1482113369797
69.8621013245251 171.877695123128 -3.15968102838784
69.3081560330926 172.558416142713 -3.17062033471438
68.8116284238575 173.167893570637 -3.18243344196357
68.3214527609763 173.770690047979 -3.19449759183523
67.7895773892129 174.425547158271 -3.20678756742904
67.3113675548579 175.012373339279 -3.21819610019624
66.8347399947435 175.583656201284 -3.22798237682291
66.314547702377 176.193746562785 -3.23873669137289
65.8484021703091 176.734143472736 -3.24801802793751
65.3483139514453 177.321318044916 -3.26151667434096
64.8947758953069 177.838744312033 -3.27148726932849
64.4558820996137 178.347344121906 -3.28391115956351
63.9814751461975 178.895092133653 -3.29719867829096
63.5601886811977 179.385260973018 -3.3088331546919
63.1012794335084 179.91145596251 -3.32068079994004
62.6915532482037 180.378292040903 -3.33272549640521
62.2845179669755 180.831748745203 -3.34436007717072
61.836618618374 181.3148664539 -3.3553054238005
61.4317051263658 181.743926882849 -3.36501902924117
61.0307081491168 182.167092849179 -3.37627248242374
60.5881893915315 182.615414939976 -3.39125204984277
60.1812467751889 183.000876019911 -3.40833154498882
59.734670921059 183.3993952379 -3.42538408738615
59.3239594029588 183.737085864669 -3.44257235275689
58.9108614496986 184.054679962865 -3.45855963869526
58.4515556828063 184.379997659798 -3.48140899004271
58.0350366126948 184.655883211363 -3.49715048644982
57.6187503433573 184.909334322976 -3.51290623842605
57.1580963461332 185.158399445503 -3.5313820343546
56.7340757135449 185.3568346259 -3.54987330486084
56.3059251664322 185.532901588383 -3.56612389154107
55.8353201015568 185.711503069616 -3.57611816800264
55.4041652339413 185.855705475755 -3.58255037226815
54.9266972334519 185.991329732883 -3.58714905388611
54.4889388738995 186.089986139659 -3.58420927571323
54.0494141879366 186.163712781886 -3.58006626817075
53.565371585871 186.214741069728 -3.57361923160296
53.128252850212 186.241910701564 -3.56919298261382
52.6941399618553 186.257949625542 -3.57116598037611
52.2198105268019 186.250295853037 -3.57123783670887
51.7936400479131 186.217576609891 -3.57148060384947
51.3324750742901 186.153677990777 -3.56975446391556
50.9226977784203 186.070002962106 -3.57209953047338
50.5190065244163 185.972229864899 -3.57360649135764
50.0784464829251 185.851436249623 -3.57185489638603
49.6788067306083 185.714529245911 -3.56663513866574
49.2404608587837 185.536920737086 -3.55594378789579
48.8423687442466 185.357582800967 -3.54127902043414
48.4460819793425 185.164574870624 -3.52883265950636
48.0145129116091 184.941762340532 -3.51677955617682
47.6274482840565 184.718191255672 -3.51019142976514
47.2045279276413 184.454350342408 -3.50531438013514
46.8207776459679 184.199028377054 -3.50407352807326
46.4360578172928 183.931918566332 -3.50222453217603
46.0114093490729 183.625365882624 -3.49847967745656
45.6233540526824 183.335533890698 -3.49537296524665
45.1915630354455 183.006494359789 -3.49512681754203
44.7933436594548 182.699346916643 -3.49516613054426
44.349298210713 182.348686925705 -3.49584683192948
43.9401332869311 182.019457107641 -3.49668876771356
43.5272330528922 181.678987421126 -3.4972480760046
43.0643598907991 181.292112277489 -3.4975208609274
42.6301571085652 180.928783933655 -3.50049876722029
42.1399908417194 180.525129206274 -3.50003673888042
41.6806258159275 180.151937784156 -3.49311779262115
41.1622858250995 179.73114620217 -3.48252783142404
40.6805972139329 179.336534759834 -3.47910183051204
40.1889671027602 178.933499022608 -3.48289075823472
39.6325941561357 178.480927309524 -3.48076203415322
39.1112895482246 178.060781969677 -3.46918961890057
38.5344837977603 177.578723178556 -3.45365116413087
38.0000996877583 177.126982940452 -3.44092602694408
37.4510541217341 176.668916841364 -3.42504500034649
36.8300910162712 176.156175257188 -3.40827671889775
36.2514299731799 175.680116221164 -3.39599404852865
35.6001035999051 175.143373056688 -3.38253564714858
34.9967971980702 174.646616506303 -3.37094152281012
34.3851176951628 174.13996206122 -3.36467222811091
33.6992920642184 173.576918755011 -3.36517153316799
33.0665093177325 173.057384563808 -3.36080525494483
32.3625464949262 172.474277670755 -3.34875521398299
31.7173141488273 171.936071358315 -3.34280557571772
31.0647754228483 171.391221240449 -3.33861014723314
30.3360647188736 170.780693556754 -3.33662940199846
29.6623128625388 170.224456323089 -3.33345634954783
28.9135663282193 169.607410204424 -3.31749981961109
28.2248288321924 169.041146896316 -3.30168818853193
27.5295001435501 168.472514729854 -3.28277455729866
26.76087171064 167.847235082217 -3.26085330381536
26.0609090551796 167.280940043 -3.24002964245258
25.2894384391542 166.664660335245 -3.21772652529575
24.5880205803967 166.108879437936 -3.19916533826987
23.8872168825583 165.552759761933 -3.18374934710801
23.117152391591 164.937842021485 -3.17118496302589
22.4135894907971 164.387537137625 -3.16234270266202
21.6472831941447 163.777712144442 -3.16343728782393
20.9559747046967 163.222443533945 -3.16919047570565
20.2688810242743 162.668643889389 -3.1713816015982
19.5096199468961 162.059971312254 -3.1661436354289
18.8206981952691 161.50940763474 -3.14983767648379
18.0642524844491 160.907868056443 -3.13296253759929
17.3792962009993 160.363806880882 -3.1209122947426
16.6983957083482 159.820463282168 -3.11282492635012
15.9469178099398 159.229456314554 -3.10281223727497
15.2634329704755 158.698225593885 -3.09215179430938
14.5096346549336 158.128627885808 -3.0863606073733
13.8202567136919 157.621626235673 -3.0815059182638
13.1260232950852 157.128876445295 -3.07386180453108
12.3559665294565 156.599494513985 -3.06422729080527
11.6482154861954 156.136564766459 -3.0618144619385
10.8606054878946 155.646163552172 -3.06383068050956
10.1316815882065 155.224625972337 -3.07188135520391
9.39207532236059 154.823931057104 -3.07667775988306
8.56786895637462 154.411380257706 -3.08636404434174
7.81050951091903 154.064209364873 -3.10098396865426
6.97058452220549 153.707365850544 -3.11671253666519
6.19747016465918 153.41010960233 -3.12181195191085
5.33609289818931 153.107138685823 -3.11828231385189
4.54272704957422 152.858180413221 -3.10915028052801
3.7398266913827 152.632644638199 -3.10228949883614
2.84617665510399 152.406101202997 -3.10103023687897
2.02447543967589 152.215047259786 -3.09683307667897
1.19272335482323 152.0347189804 -3.08630575361597
0.26799833975134 151.856254826751 -3.08261467655481
-0.582388776166997 151.709159022537 -3.08696222371599
-1.52617214661509 151.562636861048 -3.09261124275729
-2.3957844080394 151.439600583634 -3.10129069011692
-3.28010505782897 151.332899331815 -3.10708553825167
-4.26581279719172 151.226322299426 -3.10418635819244
-5.1703876288842 151.133059968846 -3.10649722195401
-6.17315002985338 151.0302090162 -3.12711119804541
-7.09179881286078 150.934458133706 -3.1500439982145
-8.01887242176098 150.835726869553 -3.1729798302399
-9.05491211228945 150.722329913828 -3.19556327677993
-10.0089887393915 150.619606795661 -3.21253425869584
-10.9723168562254 150.519415022409 -3.22710891389554
-12.0386061156457 150.408954305408 -3.24169265356195
-13.0214131059642 150.305090446457 -3.25997972457034
-14.106530068318 150.190420350741 -3.28009576173718
-15.1021230965029 150.081281586739 -3.29828312948508
-16.101341609793 149.972481217378 -3.3146106300497
-17.2076575864114 149.85261062084 -3.32855572875708
-18.2178773851167 149.741796180986 -3.33396244975976
-19.2305274304923 149.633452854468 -3.33947534647668
-20.3466775584575 149.517424255338 -3.34566507056149
-21.3616658897866 149.413572174975 -3.35271055480779
-22.4803864410119 149.303310222927 -3.36400562841044
-23.4966922531358 149.202233184613 -3.37354078542882
-24.510095974284 149.105023129009 -3.3887258730198
-25.620183907955 148.998880930039 -3.40705581283819
-26.6279647023501 148.904537935372 -3.42600644735998
-27.6328407430167 148.810787641011 -3.44161098049749
-28.7363993667853 148.708644486141 -3.45468623677674
-29.7377969782741 148.616855147667 -3.46633611486867
-30.8374466563214 148.517774939816 -3.48279593049348
-31.833034459578 148.430253483953 -3.49693604868467
-32.8255580747641 148.346058075035 -3.51366689524306
-33.9149607844264 148.255853439831 -3.53033722636118
-34.902296179351 148.174856032636 -3.54083297723646
-35.9855624304444 148.09018014233 -3.55177620479468
-36.9672572450052 148.018213159618 -3.56228506472297
-37.9455483203647 147.950848787048 -3.57423457473129
-39.0174241952978 147.873659334144 -3.58851887812131
-39.9881949648484 147.806405057914 -3.60189880652469
-40.9572277208516 147.741147990669 -3.61678553271161
-42.0212461573554 147.665891024273 -3.6361021688261
-42.9843949908194 147.598960943148 -3.65210695563464
-44.0393723785952 147.523501216637 -3.67206684951039
-44.9952801544769 147.457749807719 -3.68704143819399
-45.949159177931 147.394418220555 -3.69883561242742
-46.9938487752705 147.324745339976 -3.70696098455892
-47.9391978262038 147.260903388135 -3.71127679073131
-48.9757926881207 147.189491626284 -3.71473978453975
-49.9145005776629 147.125814350196 -3.72082514660798
-50.8486818431471 147.060708057466 -3.72496574796577
-51.8750664180718 146.990743809862 -3.72837923889062
-52.8045669588959 146.925327286855 -3.73249162456657
-53.7303341623151 146.861408777303 -3.73818413747373
-54.7458750076233 146.790643415566 -3.74364980080188
-55.6644070046353 146.721967406389 -3.74821544609875
-56.6695054761559 146.645473560714 -3.75034441317181
-57.5777240676007 146.575414684993 -3.75200165308966
-58.4803096825844 146.502712433786 -3.75355930407943
-59.4639817566074 146.422532479772 -3.7492767964135
-60.3483259122963 146.350679936025 -3.74612573892435
-61.3102784326351 146.272686781645 -3.74448337238331
-62.1722606907392 146.203205733173 -3.74538900131881
-63.0212456317857 146.135606901762 -3.74741423789272
-63.9393785377467 146.063098084678 -3.75150798267199
-64.7589879656751 145.999038156871 -3.75639372006753
-65.6388371809984 145.934602886321 -3.7605511622923
-66.4197153150454 145.882512320559 -3.7649506475461
-67.1798647080877 145.841334162558 -3.76443771883708
-67.9912597599153 145.804820817721 -3.76207395386447
-68.7039467956571 145.775682631897 -3.75949877094623
-69.4608296052109 145.746521241084 -3.75672721198387
-70.123034962969 145.727093923812 -3.75523155451709
-70.7611660789988 145.713172907051 -3.75489867292638
-71.4336353127563 145.700662164113 -3.75620043299637
-72.0197563279593 145.693370913493 -3.75908855104058
-72.6350964244214 145.692937307061 -3.75745061869643
-73.1710081718873 145.697688270186 -3.7540560307173
-73.6773148070887 145.705985727147 -3.74954314775444
-74.2024109799994 145.714821479963 -3.74812846669471
-74.6496850208558 145.727198590314 -3.74747901199045
-75.1099494317105 145.742901077234 -3.74846133647162
-75.4969194989426 145.760495864971 -3.74973326648378
-75.8538025104265 145.774532902305 -3.75211651730045
-76.2097703628637 145.793255731902 -3.75016960992176
-76.5008212650753 145.807027704128 -3.74996099217078
-76.7636759568938 145.819189175694 -3.74987573308438
-77.0226607214956 145.832665073371 -3.75280718947276
-77.2371115654065 145.842723229104 -3.75708185661637
-77.453396680378 145.854975677123 -3.76343393045679
-77.6423067828862 145.862785010729 -3.7706707302369
-77.8267113223012 145.867957788508 -3.78163639607651
-78.0221922049841 145.870657808801 -3.7886698642725
-78.190988700024 145.86713873119 -3.79847097205245
-78.3641602858706 145.860901131013 -3.8065722970026
-78.5085309808793 145.852464295989 -3.81512030254719
-78.6436518962937 145.85158090069 -3.82081415371467
-78.7832205593884 145.85396391921 -3.82684531985701
-78.9034113184851 145.853912869833 -3.83168245469295
-79.027320425651 145.85209343177 -3.83770366352006
-79.1325950009507 145.84748348162 -3.84275232644312
-79.231283694864 145.842003340134 -3.84664722900395
-79.3256020136424 145.831194001336 -3.84827375864363
-79.3972281507816 145.822868653917 -3.85000988893139
-79.4599607930465 145.813721812816 -3.85320834196466
-79.5049773262359 145.806863646781 -3.85633828379963
-79.5390030959123 145.8000806138 -3.85955388720816
-79.564618141377 145.793160544733 -3.86075734533866
-79.5790592187057 145.787630902151 -3.86396700475513
-79.5854997141209 145.782102758252 -3.86550039253493
-79.5826375684836 145.777274169733 -3.86748054865087
-79.5760788945642 145.774219316173 -3.86802515032455
-79.5752654728311 145.773315253827 -3.86845348434201
-79.578565529435 145.775468599569 -3.87058439783861
-79.5807599713927 145.78135572557 -3.87246731475076
-79.5806895296847 145.785419592917 -3.87384100105253
-79.5795502941625 145.787499644895 -3.87758467075845
-79.5781786755413 145.790731967642 -3.88203879973103
-79.5768277995904 145.792259831475 -3.88681313364111
-79.5759403072656 145.793085656708 -3.89366778906555
-79.5771592834594 145.794506481113 -3.8975066313288
-79.5788966511634 145.796668697213 -3.90194809440587
-79.5797915312796 145.797578051872 -3.90437509009001
-79.5834195660628 145.800239823566 -3.91190927251247
-79.5850299197824 145.800946448754 -3.91734655582605
-79.5870272345213 145.802494715707 -3.92365438958337
-79.5877607193584 145.802695864538 -3.92778066565809
-79.5890422120364 145.803818360065 -3.93394876726082
-79.5884873179273 145.802389846134 -3.9373444746618
-79.5889016943188 145.802411759097 -3.94363057536657
-79.5876204546641 145.801377810891 -3.94859933416552
-79.5843235316556 145.799189405489 -3.95457266591204
-79.5806606585279 145.797122605969 -3.96233817634199
-79.5777435167011 145.795348332192 -3.96815723480549
-79.5752434268274 145.795977972023 -3.9724786451223
-79.5731766965339 145.796652305244 -3.97619533841731
-79.5705857992197 145.797164109078 -3.98118466421249
-79.5685993312944 145.796685738799 -3.9847234252902
-79.5673424913533 145.796002251705 -3.98715901813321
-79.5658066197711 145.795681734098 -3.98801996579674
-79.5654345493574 145.79740866474 -3.98890983036061
-79.564723809243 145.797886713961 -3.99081312110541
-79.5651552505147 145.79849524027 -3.99482318535521
-79.5653015147559 145.798578375388 -3.99751310465201
-79.5655653957883 145.798951730874 -4.0004933025042
-79.5652962173986 145.798724283632 -4.00259153169732
-79.5656354133008 145.796582594622 -4.00757602231116
-79.5654808858561 145.795251812254 -4.01098603055315
-79.5656395924902 145.795436095909 -4.0132052125462
-79.5657873434512 145.796029819852 -4.01376983344429
-79.5654783631806 145.795564197258 -4.01393135485897
-79.5653395644115 145.795714476733 -4.01490246980139
-79.5649844412747 145.795587477904 -4.01624647418439
-79.5656750550029 145.790899266817 -4.02006277155977
-79.56467714384 145.787145888546 -4.0229886222719
-79.5642754590249 145.784171596526 -4.02415294928964
-79.5639176587731 145.783085490583 -4.02504775142516
-79.5648189431541 145.786215773759 -4.0254265197446
-79.5650694961992 145.787787420867 -4.02546500716569
-79.5652042106868 145.78817348513 -4.02638346273163
-79.5649279318578 145.786655523575 -4.02794859379145
-79.5827248992216 145.81716604215 -4.06905920726736
-79.594458204507 145.836036313083 -4.0955283281952
-79.6076272168499 145.854409774224 -4.11833883233901
-79.6283378885037 145.873167221231 -4.1440579936425
-79.6487132752348 145.88536122325 -4.16069507770911
-79.6775980096591 145.905113944377 -4.17964374557806
-79.7050081333558 145.917405506798 -4.19203395300985
-79.7371094626108 145.929629583067 -4.206558233903
-79.7718897463476 145.936903886915 -4.21578728959997
-79.8087392144513 145.947418377223 -4.22579980528205
-79.8513882657659 145.953367689754 -4.23266688968177
-79.8949324237935 145.961800751691 -4.23975298157264
-79.9398430327729 145.965169545936 -4.24481598123396
-79.9932165163816 145.965916817935 -4.25220299944641
-80.0477118120346 145.96395234333 -4.25860216057676
-80.1180131750201 145.958784912269 -4.26801952183208
-80.1950237540455 145.948420226516 -4.27594330587451
-80.2678110510721 145.938942494811 -4.28128365383067
-80.4061073735902 145.914777931575 -4.28563679330105
-80.5283346527578 145.892448758741 -4.28700642937949
-80.6777969806803 145.86248215063 -4.28793275622933
-80.8238920666301 145.826762510862 -4.28854597679563
-80.9810018308317 145.78376403408 -4.28912384654066
-81.1626931964021 145.728214210829 -4.29153659026537
-81.3350146307457 145.670343065059 -4.29438778599288
-81.514111269536 145.604057300313 -4.29516171844583
-81.7171388305663 145.521828387658 -4.29579355017677
-81.9076357208486 145.436388270719 -4.2980982830392
-82.1054667584403 145.338906551867 -4.30376738451581
-82.3362251259708 145.212232672531 -4.31221477592566
-82.5592241734807 145.07572828047 -4.31816230813515
-82.8242042511262 144.902194672516 -4.32425402333882
-83.0815110742649 144.722351709308 -4.33261277933341
-83.3505182872267 144.515382899973 -4.34353041477982
-83.6520200053069 144.247284283428 -4.35390118730819
-83.9327506541194 143.970561575616 -4.3572666501277
-84.2174590786032 143.65866832334 -4.35674829842576
-84.5291875032677 143.278475767854 -4.35496333929613
-84.8040161866249 142.89456265531 -4.35054700542851
-85.0975866787036 142.439357486099 -4.34449805808632
-85.35490876781 141.996758226061 -4.3405765434442
-85.597872528461 141.521888851935 -4.3350603245004
-85.8425559556011 140.961505602884 -4.32870436157262
-86.0458125080993 140.421423247167 -4.32283778246938
-86.2451567517084 139.790907837235 -4.31880383102135
-86.4023533442548 139.18685389815 -4.31948949776388
-86.5351915302192 138.552476226194 -4.32060472607557
-86.6524742595063 137.819376344565 -4.32216649822444
-86.7404105817635 137.125591989058 -4.32178452543015
-86.818272653888 136.332490648398 -4.31829429684013
-86.8752412944715 135.584058363712 -4.31290795692239
-86.92098243019 134.813406578138 -4.3058313932743
-86.9607484427902 133.942518133235 -4.2940685992296
-86.9860724413793 133.129428299259 -4.28375603860389
-87.0005216902655 132.211545723191 -4.27118654150563
-86.9985349267975 131.354545253947 -4.25471945738673
-86.9829701974334 130.388857887619 -4.23070260247836
-86.9584282693202 129.488478131335 -4.20788645804667
-86.9302485751024 128.567956485396 -4.18588517307875
-86.8974791780517 127.53058167477 -4.15965235975836
-86.866426630692 126.562698383175 -4.13526911759002
-86.8291099065755 125.470808053966 -4.10938865387003
-86.7927241670681 124.460964823827 -4.08648135583624
-86.7459320451855 123.329502141563 -4.06022293005176
-86.6827543302771 122.283835688067 -4.0368533056697
-86.6114217696903 121.22276301364 -4.01199774925932
-86.5352034455429 120.041578217401 -3.98017765357221
-86.4564093618287 118.950066243125 -3.9514267667623
-86.3675269123284 117.736636245252 -3.92156540099731
-86.2763520740259 116.616686768525 -3.90047988564455
-86.1803109161792 115.483064714483 -3.87887731932307
-86.0705143915418 114.221405095295 -3.85211528396535
-85.9757980927016 113.069690027998 -3.82407251966002
-85.8712969028409 111.800694306949 -3.79157089163916
-85.7804737299592 110.650921703683 -3.76312750378192
-85.6907465623743 109.504677424155 -3.73516586517931
-85.5867252145847 108.246025789019 -3.70193597491428
-85.4958869166375 107.105122101617 -3.67245050873158
-85.395546664072 105.850582711356 -3.64158388778848
-85.3080202522529 104.710510444618 -3.61199426738848
-85.2185846062527 103.570042261417 -3.57904716974292
-85.1235635564902 102.319021452914 -3.54586281333887
-85.0297809304504 101.184656865839 -3.52296600833834
-84.9345581038329 99.9412796558598 -3.49710450109539
-84.8458941470748 98.8131085941039 -3.47058973683331
-84.7602633741201 97.6872536610625 -3.44185666251383
-84.6658811877822 96.451630853295 -3.40969422886498
-84.5817600346332 95.3323615378125 -3.38455459913853
-84.4881174376616 94.104583205838 -3.36218746679378
-84.4068004611726 92.9917094571326 -3.34115504328078
-84.3269569667931 91.8812768243361 -3.31834771923814
-84.2383173622205 90.6630302623657 -3.29002572719207
-84.1600401769214 89.5580259102269 -3.26358936128373
-84.0746405449682 88.34672347827 -3.23653759596949
-83.9983922830895 87.2490436227137 -3.21382404325264
-83.9230565012474 86.1541887904868 -3.19047521304822
-83.8414635097094 84.9530748605111 -3.16031685548695
-83.7638384617624 83.8648613446918 -3.13200336548948
-83.6762899558613 82.6712910054714 -3.10179030623757
-83.5907289990229 81.5898075952992 -3.0765182772349
-83.5020047729987 80.5120888473145 -3.05164020818625
-83.4026044743807 79.3306617405566 -3.02225870750612
-83.3140493007402 78.2570407711695 -2.98762325753779
-83.2228149854995 77.1863533049822 -2.95107108493791
-83.1206990401476 76.0119659598308 -2.91268458402621
-83.0257619232649 74.947622617985 -2.88134903432704
-82.9179855399015 73.7812858594075 -2.84581505773815
-82.8184947326927 72.7232391032259 -2.8170373454632
-82.7174017694778 71.6679885077394 -2.78838182048082
-82.6058567370465 70.510053894977 -2.76036970836939
-82.5055577966242 69.4593657298639 -2.73422336363306
-82.4075455163293 68.4109844200974 -2.70732311021978
-82.2991556285541 67.2498003742241 -2.6847754233691
-82.2046212536509 66.1959648390067 -2.66554428100623
-82.1028092109214 65.0382548121402 -2.64304974881042
-82.0138137578836 63.9893758312337 -2.62030687754941
-81.9253273111105 62.9417558850807 -2.59201955339968
-81.8287191485536 61.7896675415914 -2.56094209936445
-81.7445975209301 60.7548064375922 -2.53438994246071
-81.6542858820259 59.6245531273753 -2.50252775436064
-81.5745144430853 58.5972567688188 -2.47560075180065
-81.4843579774438 57.5612254792204 -2.4515121653395
-81.3956147785814 56.4243535997535 -2.42202095253993
-81.3138474411211 55.3912132266278 -2.39223794870336
-81.2367523556101 54.3602342073219 -2.36026654356765
-81.151681091911 53.2291143820472 -2.32593318055158
-81.0746650219552 52.2088669555845 -2.29785466101479
-80.9894948584502 51.1021554883123 -2.27185919065319
-80.9116882800854 50.0932884227146 -2.24993000372568
-80.8331531755005 49.0847217478087 -2.22874762201061
-80.745026229594 47.979005702357 -2.20569596800192
-80.6669508112522 46.9723102635372 -2.18298935634175
-80.5831598023193 45.8537486184703 -2.16626563022219
-80.5080500281759 44.8350080019914 -2.14706608781793
-80.4347569687348 43.8148832771303 -2.12821416993555
-80.3522000287033 42.6978463865509 -2.10115240581594
-80.2714532933196 41.6786265682679 -2.08189513238469
-80.1998189921365 40.6626260501127 -2.0680172532738
-80.1174239978024 39.5457488182592 -2.04905121374064
-80.0396142992474 38.5351818206393 -2.02516202816225
-79.9525060761917 37.4307335366385 -1.99932854417893
-79.8739107626784 36.4322946561537 -1.97473704329272
-79.795965116522 35.4370442462047 -1.95048477907659
-79.7111138213341 34.3462957405045 -1.92323257766256
-79.6346711260099 33.3575266068055 -1.89519880982933
-79.5506942927802 32.2736177350059 -1.86048011166532
-79.4785419950273 31.2886274553292 -1.82883288556147
-79.4091376621661 30.3070728983932 -1.80275108874681
-79.3363358864413 29.2328682234971 -1.78190095143703
-79.2725028289058 28.2601622414835 -1.76614097827886
-79.1991941301438 27.1928446893753 -1.74288522521671
-79.1366084496858 26.2252797497849 -1.72024246848501
-79.0726923401591 25.260771483686 -1.69455594118064
-79.0041529035906 24.2031191330333 -1.66279646046488
-78.9415318319768 23.2464765053165 -1.63605154592544
-78.8787768848324 22.29495827921 -1.60984898594161
-78.8115676031477 21.2638547002139 -1.57949346567471
-78.7527809904789 20.3468971326222 -1.55323445588205
-78.6887490467875 19.3571964640788 -1.52451064503251
-78.6300708097258 18.472583265919 -1.50064336317355
-78.5724093635061 17.6085179826694 -1.47472012188994
-78.5078887975135 16.6791875181813 -1.44870475878936
-78.4457894549392 15.8552496804873 -1.42906183991642
-78.3808196270237 14.9703188436149 -1.4091551800281
-78.3180441484428 14.1908193504 -1.38219489412219
-78.252260998712 13.4274821133375 -1.35318699097613
-78.180388970927 12.6034534851262 -1.32426803712069
-78.115135999717 11.8778808957261 -1.29826789081669
-78.039990055287 11.1027669888651 -1.26911028524778
-77.9673891944228 10.4212549221956 -1.24110570227185
-77.8869271202898 9.7614587626616 -1.20938553977179
-77.7904668481368 9.06323573414606 -1.17362389469939
-77.700834086595 8.45150569451042 -1.1430837016412
-77.5962042739766 7.80403401802641 -1.10278916273202
-77.4950985470073 7.23904644336869 -1.07215219805053
-77.3729918464196 6.63731609176585 -1.03942540380218
-77.2557864508819 6.10274378011524 -1.0124671920714
-77.131351259565 5.58013381367353 -0.98564677687339
-76.9989441558342 5.07266324389932 -0.962256283006188
-76.8385606022825 4.53431075681504 -0.9417463836186
-76.6854011092343 4.05682865170537 -0.924278051958788
-76.5068609826094 3.54574554931104 -0.906864195358949
-76.3347777049576 3.09294409158035 -0.891089050922464
-76.1516048587378 2.65082189114922 -0.875539956737184
-75.9389360876341 2.17686989525847 -0.860390888471013
-75.7328588077353 1.75808295895455 -0.843598278017765
-75.5063105384973 1.35837715730767 -0.826408415318453
-75.2311198839872 0.941914677943821 -0.808839776768721
-74.9656193887577 0.577014711049139 -0.797601298900307
-74.6884673608499 0.224628200902244 -0.784372862294721
-74.3697580072397 -0.145650617138478 -0.762019090717338
-74.0605039397252 -0.457503478978832 -0.7378070365701
-73.7037074153177 -0.773055024224359 -0.7138376880399
-73.3663824643664 -1.04426908124863 -0.699180644186704
-73.0176735889205 -1.30572071246494 -0.682489439107838
-72.6190560044903 -1.57839456436761 -0.662348542974266
-72.2414955929699 -1.80668684842346 -0.644456216634937
-71.8068106679394 -2.02233218590091 -0.632932370756521
-71.4023144514057 -2.20143874420527 -0.629380730835131
-70.9906506629767 -2.37547446377512 -0.638915009731335
-70.5227553113228 -2.54450464664534 -0.643092057622118
-70.085840575852 -2.67912842184461 -0.652500043549479
-69.5905828155492 -2.80489154307327 -0.661125255144294
-69.1312586683466 -2.90513804014478 -0.672285641200512
-68.6602400712527 -2.99388798762233 -0.67387700747845
-68.129840884196 -3.07789555110806 -0.672764252563728
-67.6382804228874 -3.14575846946427 -0.670259020805317
-67.0869884068761 -3.210710100055 -0.671292853462361
-66.5715128551749 -3.25876059674483 -0.670727005558078
-66.0425945559049 -3.30081925441321 -0.666988284400744
-65.4441950721557 -3.33800736579385 -0.663511814963627
-64.8839275185518 -3.36492957798682 -0.66097431067854
-64.2493949366781 -3.38723384923002 -0.657274111154151
-63.6563028793653 -3.40261539208795 -0.651779720420968
-62.9853027670458 -3.40798544802557 -0.64782230907579
-62.3588103866712 -3.40264627686879 -0.644900003038075
-61.7166567162341 -3.39148305803755 -0.641943611142904
-60.9916211170106 -3.37465156803257 -0.638134298243747
-60.3145767582527 -3.34910721634124 -0.629652497061736
-59.5568403388343 -3.31820544324173 -0.622754356853339
-58.85215862942 -3.29108643169344 -0.617489230856854
-58.1357066746877 -3.2633498647014 -0.610497155215213
-57.3388731113266 -3.23158132150381 -0.602513115499555
-56.6090251568979 -3.19960880673287 -0.594743538030477
-55.8037503823923 -3.16092935505195 -0.5875935914305
-55.0705182608255 -3.12439404262831 -0.581988907194529
-54.3366645473315 -3.08636511957481 -0.577701081059784
-53.5288750365 -3.03923509942374 -0.575111207380485
-52.7933324575528 -2.98928897899317 -0.57508196429478
-51.983733130945 -2.93063302017983 -0.5755346425375
-51.2473501232093 -2.87563573335844 -0.574756111346429
-50.5102501933711 -2.81675902096037 -0.574195118896935
-49.6998409447329 -2.75233991332188 -0.572533758165853
-48.9629095900921 -2.69136052412867 -0.571114349710734
-48.1541320205537 -2.63082812292337 -0.565467972150854
-47.4187024923063 -2.58371370155372 -0.555416805773297
-46.6855659856711 -2.53176416408974 -0.546416738202604
-45.8823307826453 -2.47283034404451 -0.536338930684526
-45.1533053578889 -2.41903820350997 -0.529784742500552
-44.3543371619051 -2.36022034410637 -0.523277784653969
-43.630415196914 -2.30540937663207 -0.518848895961473
-42.909263824469 -2.25091712955563 -0.514985480217111
-42.1207311128793 -2.19401521661109 -0.510405734474364
-41.4078337163621 -2.14527753983609 -0.503053957845246
-40.634343879384 -2.09164150238296 -0.489752550474056
-39.9393452557415 -2.04529426185942 -0.477790804781599
-39.2552392755776 -2.00033731535878 -0.465659048670946
-38.5145374746097 -1.94441800956021 -0.456757596262599
-37.8527266722994 -1.89945933688782 -0.44583519474375
-37.1350852094733 -1.85568820578296 -0.44059279581904
-36.4923659764383 -1.82128175710146 -0.428666163241019
-35.8577761137051 -1.78219920515294 -0.423041440105713
-35.166161709776 -1.7408830068559 -0.41095019229775
-34.5410471085452 -1.70399077276953 -0.397398203303856
-33.8587407753556 -1.66459490339051 -0.382680459467735
-33.2439629181115 -1.62872186998355 -0.372914038240357
-32.6340165592633 -1.59181465163403 -0.365018270892246
-31.9681443199038 -1.5505842372387 -0.35643948959258
-31.3668417712577 -1.51429564955649 -0.34842734313353
-30.7118914654539 -1.47853583492376 -0.336739647108117
-30.1197937517395 -1.44599053240458 -0.323433106869357
-29.5333192500391 -1.41252098034843 -0.305073805733242
-28.8875137520016 -1.37666992027056 -0.290681381910429
-28.3032122709051 -1.34780530445436 -0.275180064854125
-27.6621432531608 -1.31268827071918 -0.258747833943056
-27.0837310834461 -1.28391540194557 -0.244813399714148
-26.5076228512471 -1.2517986259217 -0.231896304389733
-25.8760165765648 -1.21554559035527 -0.217785418253637
-25.3035042733013 -1.18222353884643 -0.207728955143685
-24.6770645592051 -1.14544914144289 -0.197747510107014
-24.1132537863149 -1.11090173476161 -0.192333602573845
-23.5518785025766 -1.07315391434765 -0.186187543334107
-22.9402019838147 -1.03148356991792 -0.17928978415074
-22.3903265364977 -0.991984941616713 -0.172784626442084
-21.7950918908143 -0.949440270851601 -0.167798868891498
-21.2638818894331 -0.906516740952112 -0.162654823325214
-20.7415307151235 -0.868429609018124 -0.159811849295419
-20.1795218409479 -0.825935320898288 -0.155201559347367
-19.6776702227602 -0.792071233564732 -0.155222582722497
-19.1390797844732 -0.756082951068305 -0.153151610102771
-18.6619830959709 -0.725123046378695 -0.153312908877255
-18.1947181427119 -0.694525465617529 -0.152460906742791
-17.6919714986015 -0.661895438295127 -0.152268613255229
-17.2462745392725 -0.630111618548881 -0.147081018046503
-16.7692640180407 -0.59553322862028 -0.141151386358732
-16.3485946432874 -0.565887985725186 -0.133506725235453
-15.9421351818779 -0.537976629205628 -0.126133105513776
-15.5152786273093 -0.506018748044219 -0.118022028496185
-15.143440972993 -0.47801420574839 -0.111271461644135
-14.7573708389279 -0.448721143655578 -0.105094307165961
-14.4255861260349 -0.424922759316746 -0.100150578783247
-14.1158720843618 -0.403669522368759 -0.0897999534295693
-13.7935674027904 -0.383849105639852 -0.0819558469228768
-13.5170354919684 -0.365232689744424 -0.0740201007157037
-13.2513165212331 -0.348655111767622 -0.067783693294357
-12.9669914186416 -0.334100876563104 -0.0625388484664727
-12.7131219879681 -0.321365303736246 -0.0592926800615746
-12.4373349095426 -0.31057514048437 -0.0566825498219047
-12.1880981993486 -0.299991109185699 -0.0531413541680654
-11.9421052747448 -0.293447985974013 -0.0492697161195521
-11.6740702447991 -0.287730529935056 -0.0442951970125021
-11.4309600345214 -0.276995860769102 -0.0406499179026454
-11.16554406145 -0.26401458641695 -0.0353580082775801
-10.9277380532221 -0.251968018321478 -0.0317937590102697
-10.6886780127856 -0.240045509357798 -0.0315631588724363
-10.4271488341281 -0.226572635032915 -0.0271650780057896
-10.1908659394983 -0.215665540513553 -0.0225921332112906
-9.93272789224736 -0.202872087523215 -0.0176133781041206
-9.70024501405384 -0.193256756840042 -0.0151978544854244
-9.46969508544969 -0.184077173118102 -0.0133433953007593
-9.217424080755 -0.172230266535496 -0.011888418510591
-8.98977334441126 -0.156468664777692 -0.0087960130984764
-8.74170010343165 -0.138367017109141 -0.0030497105159317
-8.51571872044581 -0.121268612763777 -0.000227511562966839
-8.29007624880227 -0.103090696732243 0.0015361235887839
-8.04301856836533 -0.0792216966128716 0.00214138979239382
-7.82079772633189 -0.0522284947444861 0.0032624850652956
-7.57820293798035 -0.0192355962037725 0.00773232371388928
-7.35834200736326 0.00706716658586117 0.010758469384808
-7.1392691316071 0.0321538745123594 0.0130326440757913
-6.89932528621794 0.0585188612938323 0.0168221097279218
-6.67848518122055 0.0853352396207653 0.0242510081289918
-6.43906139452041 0.115114850363669 0.0319410061806683
-6.22267213428002 0.142343212029377 0.0392195596804919
-6.00741067631623 0.16800629271643 0.0461776777659545
-5.77033226585631 0.195013972174332 0.0542098037369443
-5.55493738181722 0.217569887977284 0.0606522528911022
-5.31702635300419 0.23926886311366 0.0653110725230954
-5.0973435548902 0.258290572060642 0.0680730213315214
-4.8689904901858 0.277321242750346 0.0702364871638583
-4.60502839529203 0.295118930707803 0.0703122484766199
-4.35467298384005 0.312078827498657 0.0719807982599948
-4.06696425535428 0.329064942094716 0.0735061686705227
-3.79474859043683 0.344606223054278 0.0764034765005067
-3.51257781730772 0.357084991509516 0.0811521283138426
-3.19287384726564 0.373679871074264 0.0877120994930907
-2.89448828725794 0.391244552025428 0.0921512890695616
-2.55834080572124 0.407118723874911 0.0954986461060126
-2.24498617831008 0.418129913383134 0.0958872537876328
-1.9229368363069 0.428961621390674 0.0980401509548496
-1.56115320859702 0.441055554199392 0.102780415711465
-1.22359344684157 0.449499301250105 0.107067557084524
-0.8442203288253 0.455090993898756 0.107937778294023
-0.489522409641703 0.46087055573414 0.108010917130845
-0.125307636814829 0.468613707700962 0.106977415887314
0.286775000812187 0.479502262382762 0.105983966538285
0.674472436016326 0.471118900364833 0.0937629334968254
1.06872163848129 0.442994294639109 0.0738354951847849
1.49850241815101 0.41499765011389 0.0684488401339411
1.88517176975951 0.379249701650584 0.064133388265004
2.30128392783948 0.357038229084446 0.06569867681586
2.67474609396072 0.339520726420427 0.0611739416012792
3.040647376929 0.334349487620491 0.0538123742914488
3.439615603672 0.334157302428323 0.046063651541725
3.79846474530886 0.338135942691027 0.0454984668865021
4.1527475849597 0.342522289059998 0.0515282907143856
4.53635421039825 0.361871912367519 0.0679002948517216
4.87920857863605 0.39447224812546 0.0834048625160344
5.24851415735846 0.439586033622481 0.0922792489442112
5.57897257526239 0.488036546664144 0.0978001448789122
5.90671291027058 0.539607918722533 0.103548205361109
6.26405060713001 0.608143317046547 0.109621268386255
6.58417310563788 0.685244471082573 0.114651941394587
6.93456401555829 0.77723030366312 0.119856193883725
7.25210783183458 0.859765868239031 0.119438396300862
7.56851843435858 0.942746327124775 0.116830470348944
7.91215542512877 1.02694137180629 0.115901329337799
8.2029848596933 1.09131796548015 0.119720358746603
8.48718982987019 1.15335071727511 0.118512581120855
8.70829764276075 1.20691255047986 0.119055930463464
8.89868855153328 1.25007315160539 0.121181124186712
9.06848971617574 1.28683432313389 0.120994589684001
9.19107955777137 1.31104886025727 0.119477590654367
9.28877642265156 1.33117818285496 0.117647347729982
9.34410467175177 1.34548861282305 0.116272755410357
9.37029003353415 1.35537194522317 0.11416393436127
9.3696814778866 1.35612013308269 0.113926509477185
9.35378693891731 1.35638799404409 0.114675148642015
9.34909016598474 1.35781936634486 0.114056319981233
9.34862887810919 1.36053482058757 0.112356363832186
9.34463563550943 1.36144156446551 0.110040086635295
9.34103195545839 1.36380852272864 0.107878157534453
9.34214461050507 1.36379854349379 0.108447851236162
9.34079681891459 1.36382264122025 0.108325503442635
9.33813596961527 1.36359162018178 0.106851176243519
9.33742185693753 1.36403445824383 0.105032090353269
9.33686023920383 1.36784514546055 0.102375080719686
9.33590904244707 1.36978244309051 0.100366811353363
9.33504293921306 1.37213280361163 0.0977700921776907
9.33437541644777 1.37380453616632 0.095625992485266
