0 0 0
0.309215067948913 -0.00258657730669853 0.00862463688536825
0.594219033221121 -0.00704591538821169 0.0136342550757783
0.884326492865924 -0.0141646379332112 0.0154767063295076
1.21094343047707 -0.022840886819708 0.0160158287127191
1.51456826748308 -0.0298303771000078 0.0168469110936003
1.82450512989975 -0.0372365184617384 0.0177442167520276
2.17970876362938 -0.0401432174561722 0.0238039298969185
2.5164283036617 -0.0383333005620723 0.0300546803761734
2.85932908314098 -0.0281491567381177 0.033271485920742
3.24913532161049 -0.0120172902627838 0.0371381490546839
3.6143690486954 0.00889715266742348 0.0412567225107036
3.9875217760102 0.0410771667016048 0.0466672661448739
4.40557703113494 0.0974333412592556 0.0531877846286195
4.79730648183292 0.158611374117431 0.0594165517390886
5.24150735588706 0.235449225298361 0.0645030294820036
5.658307093476 0.30969383956788 0.0690283073832915
6.08750901980469 0.389435250211234 0.0716636653086689
6.57463170840906 0.48583605092857 0.0728658554489676
7.02829070409631 0.583210137805619 0.0754203846757501
7.54310856408253 0.692790263048604 0.0785776311179246
8.02403102032403 0.796866328182204 0.0853329482894775
8.51812639779702 0.905118429010596 0.09403758905309
9.07143630411116 1.03480229997336 0.102637668512885
9.58667287981032 1.16313739534379 0.107400809085181
10.1632048894264 1.30901866273062 0.121565406084299
10.694815168209 1.44199652777298 0.144095972804854
11.236782199084 1.58053001638022 0.163880407829592
11.8412612592625 1.74436207046122 0.181986582727886
12.4042163827232 1.90551914909189 0.199460004974949
13.0347872544482 2.08943730448811 0.217903441818166
13.6191074582468 2.26774245264577 0.231129417289312
14.2156652829774 2.45358336423185 0.241088727702789
14.8869452657156 2.66820934282516 0.261483038359188
15.5061186440034 2.86858565719802 0.283236356995728
16.2003724499879 3.09819860264053 0.321096003224036
16.8366962590169 3.31925347882304 0.363020580231403
17.482327351582 3.5506414743937 0.413588197510037
18.2019753603902 3.81462857662026 0.474744475349416
18.8682412857704 4.061609912339 0.535023138706746
19.6103192873271 4.34041134152385 0.608595938983828
20.2955122239535 4.59692403373819 0.682337937089637
20.9876844762069 4.86070324492237 0.756892481399202
21.7565870891636 5.1602527993627 0.838624219765988
22.6813364388417 5.53111703183471 0.941121653484959
23.2538528884699 5.77473440641702 1.01004728207887
23.9740534063238 6.08433101619105 1.09078680735057
24.6985423248924 6.40722273442392 1.17026424184831
25.5019414229153 6.76735898456302 1.24786772034195
26.2387438661056 7.10645823445106 1.31598110989001
27.0555312739813 7.48925036718526 1.38825015176182
27.8038791945159 7.8508014691083 1.45599509017536
28.5592573438402 8.21985117012284 1.52307689829519
29.3978382658802 8.63874959243856 1.59642408483666
30.1669176386379 9.03171823201744 1.66047197780289
31.0201524658417 9.47565205328251 1.72937478272869
31.8035531601782 9.88973855491396 1.78632409544587
32.5934712247519 10.3155531753427 1.83750512630962
33.4711312703351 10.7982642621598 1.89370722303259
34.2780520300796 11.2468013972375 1.94542908000686
35.0930892813169 11.7063100042299 1.99635396329534
35.9976811382717 12.2227353467018 2.04998340804711
36.8417157064326 12.7018326685106 2.10147893516285
37.7861505123394 13.2375761975529 2.16217029351783
38.6602331168953 13.7314034544547 2.22026267308058
39.5395526168654 14.2316910894729 2.27594819869893
40.5129488006597 14.795989043351 2.33448289062062
41.4022372166812 15.3154892644587 2.38812306992665
42.3838670649539 15.8915626523434 2.44980144067084
43.2747044330492 16.4184799276332 2.5080799647788
44.1635258383579 16.9470245679712 2.56512809007915
45.1370393534646 17.533602911153 2.62386095100912
46.016788721975 18.0722063940581 2.67113430853284
46.9834417313282 18.6814915246078 2.72171037248358
47.8584441894735 19.258284080549 2.76692029582775
48.7184273782902 19.8464600723793 2.81255819338746
49.6596165446161 20.495847318192 2.86356180887787
50.4956308049536 21.0997011890148 2.90063763721488
51.3334041720737 21.7033213496572 2.9392255546176
52.249438765021 22.3746435210679 2.98178415251815
53.0846720246152 22.9856282075721 3.02944398759598
54.0000203869731 23.6660516782283 3.0891165288963
54.8319705205002 24.288933868351 3.14300061781616
55.6631681524438 24.9162465618045 3.1865103299562
56.5762238538978 25.6120880354061 3.2217715093882
57.4057084601795 26.2480032406562 3.25678217620903
58.2267162761063 26.8928276934349 3.28888146020711
59.1271988720554 27.6095423401688 3.32999824972326
59.9387211412173 28.2721522049613 3.37365988313544
60.832388268577 29.0057739444428 3.42689803047188
61.6390912151236 29.6821350117368 3.47308760807724
62.4460036006155 30.364591392251 3.51851711796026
63.3294014820279 31.1263029951371 3.56961662518905
64.1310082947205 31.8272204156111 3.61759953465021
65.0090747511881 32.6086673091795 3.67026360244919
65.8052457990682 33.3283945221261 3.71987575095829
66.5982660668091 34.0573893598993 3.7718553605087
67.4550125747829 34.8800894166525 3.83353454752106
68.2311075554211 35.6371253463594 3.88765820328461
69.0024249522492 36.4113917286555 3.94698766243799
69.8520373180936 37.2708951334504 4.00930339249395
70.6187192130827 38.0664553670843 4.07084205231239
71.4653544781962 38.9407888434705 4.13863311670267
72.2308789159031 39.7451499503638 4.20223427193048
72.9965319765249 40.5562541236614 4.26142085001863
73.835123066859 41.4579254886289 4.32803868309806
74.593814517541 42.2888445579325 4.38905060653084
75.3456992785859 43.1319888362047 4.45033457450539
76.1779011278035 44.0620270559701 4.52638645119496
76.9309598333434 44.9129664720818 4.58685449100525
77.755306754205 45.8583636250808 4.65307009460018
78.5050263368144 46.7267241487915 4.71282816847083
79.2561814388968 47.6050008047562 4.77146257156299
80.0806217586353 48.577662544759 4.83653454783441
80.8251814728887 49.4709543320893 4.89922079370763
81.5691530054958 50.3698432380641 4.96790856405861
82.3862226872054 51.3656635498878 5.05019450028649
83.1244469178202 52.2795215352334 5.12323058183425
83.9287568641972 53.2978754133552 5.20341026419089
84.6507722434041 54.2378007736829 5.27632799365292
85.363004873494 55.1879567123261 5.34547452832332
86.1361558096061 56.2465215433508 5.41526899549076
86.831101092093 57.2188125870847 5.48160508048912
87.5176262396398 58.2013815963817 5.55133640353619
88.2648440820972 59.2914054584772 5.63493611264013
88.9339946709997 60.2921188576479 5.71213515642281
89.5916853788558 61.3060867845494 5.78377173316047
90.3033713958789 62.4334213775335 5.8615541334839
90.9387334250994 63.4713143178787 5.93358986840154
91.6258940932944 64.623536338258 6.01513590230415
92.240394995001 65.6826845471542 6.08972318453483
92.8460425660331 66.7518402963976 6.16671980141399
93.5020977485253 67.9378530401185 6.25130577088489
94.0900359403749 69.0242704720421 6.32429288998588
94.6704792900037 70.1160299265888 6.39459532648896
95.3008521164423 71.3252903670737 6.47356455273369
95.8650385399623 72.428589749426 6.54973423519172
96.4773697310189 73.645743309565 6.63709910915583
97.0266342805674 74.7533999304952 6.72138218305042
97.5693727546424 75.8611956452009 6.80952490348402
98.1588834026626 77.077546813093 6.90278856130572
98.6879142595759 78.1810900466894 6.98166880260924
99.2101057642129 79.2825979504906 7.05777017767281
99.7787736699359 80.4910894719764 7.14105489841966
100.289242030095 81.5854223051693 7.21555296982634
100.848304413615 82.782008896119 7.28831606126634
101.340674658484 83.8527788020896 7.36173873929731
101.826237738446 84.9140162339541 7.43765740389311
102.351568854148 86.08330129195 7.51448221697959
102.816085044204 87.1372741262737 7.57761342915146
103.279406440094 88.1835886383615 7.63993699185541
103.779477711147 89.3227376885994 7.70932681388641
104.218777034968 90.3534829991282 7.77259613967245
104.695911986846 91.4766769675346 7.84170486083937
105.133085319663 92.4889945313797 7.90540997043781
105.572971542999 93.4937863627465 7.96841316494777
106.071418906764 94.5929987933385 8.02912019438667
106.529295861849 95.5845124891741 8.08752835757646
106.991122362876 96.5694633083927 8.14388173706783
107.508286960757 97.6429072257277 8.2061777974342
107.985531854928 98.6118318748865 8.26088624699914
108.519909275636 99.6673015088974 8.32307525582288
109.017312598864 100.616774777267 8.37503973452773
109.530913128983 101.553515578529 8.42644764700806
110.111389373573 102.578464875525 8.47997383922222
110.649738600364 103.502962741995 8.52986093056675
111.25570677639 104.506842168871 8.58276489260629
111.811624032689 105.41161013177 8.62008313527112
112.37437131829 106.301931815605 8.65837869364439
113.002565829032 107.265672731316 8.69908583232512
113.578614208344 108.125909680252 8.74283880480008
114.162914993676 108.97257718292 8.78526643666747
114.80850447968 109.886883477573 8.83992607870118
115.402012723288 110.703393401363 8.88702176154184
116.058480694729 111.585249490957 8.93855469762763
116.658843785782 112.374248393163 8.97982340416575
117.262677623072 113.148692902043 9.02316818897453
117.932450064738 113.984383117261 9.07220321794576
118.536589931994 114.735536003725 9.11866910674367
119.144328033544 115.473907568781 9.16510117726717
119.816199939244 116.27171040791 9.21258872359098
120.431265256462 116.983639791515 9.2535256186953
121.108617899932 117.75361742804 9.29734641740731
121.72356446361 118.43631055794 9.3360867529619
122.327765409007 119.099354282493 9.36675319231354
122.99819220871 119.816123075356 9.40223738675624
123.595871404789 120.447659322335 9.43220012489756
124.199232866287 121.069146455835 9.4634406426451
124.866676119769 121.734583921065 9.49685128286631
125.481886894179 122.324517788451 9.52603602226972
126.156849226768 122.957088067183 9.55280102557403
126.774208121143 123.518871565646 9.57481143574449
127.39627193128 124.067484575493 9.59513302572714
128.086922190327 124.65656402221 9.61893285321181
128.721878122898 125.183480037422 9.64351240039169
129.427026170894 125.749269882477 9.67033728031772
130.075835435725 126.251967424589 9.69319641697849
130.732444914759 126.739108523722 9.7189192802953
131.464818412159 127.265313437408 9.74655869595727
132.135951798262 127.727530172635 9.78047740037179
132.815802612058 128.180648884766 9.80154308897404
133.571445109454 128.671222304223 9.82268421394522
134.26569697316 129.113758799775 9.84062528891764
135.037582524531 129.589827200256 9.86114543456928
135.748549338555 130.015146349628 9.87588409718316
136.469739600465 130.430795297393 9.88597589323622
137.275085043608 130.887479843244 9.8883759031267
138.015634100663 131.302066502207 9.89378941723623
138.767885050452 131.713841177766 9.89903212791416
139.605375538371 132.170897770343 9.90758889804821
140.379447428873 132.58536630011 9.91035085877949
141.244009101979 133.041201377614 9.91008952367432
142.044903263908 133.452850004736 9.90719509728043
142.858454926251 133.865445825447 9.90486101135792
143.768865290239 134.316782616337 9.89955014304789
144.610249745096 134.726735445179 9.89248524173296
145.464988737474 135.133030652533 9.88402077028354
146.422326934624 135.574861432473 9.87370319618539
147.305959495873 135.974315038692 9.86431231821573
148.294933121155 136.408891438656 9.85493844524973
149.208969898347 136.798408439489 9.85031483927113
150.142801598012 137.169709842504 9.85344127175817
151.187960281457 137.5683947504 9.85528635968691
152.157624203633 137.911269974967 9.85483472643439
153.240236290677 138.276659446855 9.84924376143181
154.242751428963 138.579825668621 9.84969913214536
155.26197247102 138.866953783052 9.84865424777234
156.40199912978 139.160312136371 9.84694490118347
157.454879068612 139.409626966217 9.83926512366381
158.638582439081 139.656514571536 9.8280030125814
159.727634331022 139.86026523404 9.81038831136886
160.830226076336 140.041772845156 9.78925544661629
162.064310892972 140.213657790417 9.76033072408624
163.198859540695 140.34992935331 9.73866711239971
164.352916173041 140.46103118624 9.71587584141725
165.640016804888 140.56057611407 9.68494346470087
166.824377698848 140.626241426784 9.65750852584124
168.131535323197 140.67861453581 9.63131438941283
169.332780107288 140.699216178054 9.60693316458489
170.540548635013 140.698784407237 9.58395729941367
171.882832230976 140.667871828465 9.55946132236498
173.115312956342 140.614249583497 9.53657859838632
174.356471028255 140.538128924743 9.51963636287727
175.729066632321 140.423235541742 9.51073999964876
176.98489620961 140.295748547528 9.5019714431101
178.376552775461 140.124364005495 9.49847582750019
179.649057077784 139.946733409653 9.50086446860531
180.927784912796 139.744153404878 9.51352013482699
182.34342115985 139.497418251673 9.53179089617416
183.640221116202 139.24434227575 9.56131610000887
184.939389943307 138.966618794841 9.59188297413261
186.369881986399 138.632408028392 9.62391211444464
187.671340972255 138.30590114317 9.65490900457817
189.109404805919 137.923951413191 9.69900995424149
190.420626576536 137.553568371531 9.73646044335566
191.732535223804 137.158173852501 9.7698990554151
193.175681817399 136.690576072611 9.81166654748042
194.487951905891 136.236947325792 9.85638799424501
195.801659758814 135.758439071149 9.90794562395755
197.240518231435 135.202131736828 9.96939588811769
198.552682007802 134.667916982896 10.0361964801327
199.984100092796 134.045579140392 10.1193560518646
201.283491975492 133.444598185865 10.1980482726998
202.5670704291 132.80714047099 10.2814807158394
203.967222678156 132.063267763439 10.3803612860417
205.220776019784 131.346236429816 10.4731105859729
206.58345252639 130.515781307151 10.5834798915866
207.79904030268 129.722588165847 10.6886218213078
208.995761179981 128.895304293848 10.7983797483841
210.290975553258 127.944285351427 10.9306570218533
211.44606546287 127.048825163609 11.0584260196133
212.584380476502 126.122850665479 11.1922620955903
213.807818718559 125.071072781434 11.3414108062328
214.901856712893 124.086335028105 11.4795213608224
216.080120798458 122.973899066028 11.6337835797589
217.134134893707 121.937181719048 11.7801960493572
218.165629082344 120.878361919555 11.9331498602068
219.279294003999 119.688720878253 12.1130379179573
220.268506241762 118.586620506584 12.2764391968683
221.233528414846 117.470807162579 12.4396912297393
222.262864012634 116.229109490836 12.6203127694147
223.165541052238 115.089304290245 12.7821258674752
224.121113840321 113.824618980831 12.9558031381
224.955617350244 112.665144094009 13.1144691518936
225.761434054723 111.494907607419 13.2776677070495
226.609854927109 110.199405728826 13.457593256034
227.347417516452 109.012369637595 13.6179484386277
228.048745456282 107.818844988338 13.7754999621492
228.781937142461 106.498969611121 13.9446583787858
229.409932257184 105.293551275697 14.0942404184193
230.005189659661 104.084500369282 14.2430010744643
230.620006374677 102.751256143568 14.4048779836443
231.144636873441 101.537668201763 14.5524587678356
231.686076094944 100.20346100459 14.7135936178766
232.147258581582 98.9905305522976 14.8595258786279
232.578553632238 97.7806152692321 15.0013492838464
233.018053917539 96.4561022798036 15.1579636933256
233.389468257812 95.2568904069071 15.3067671964695
233.734935696616 94.0636147773192 15.4664727573579
234.087407938691 92.7583042950885 15.6493058317823
234.378737618956 91.5764954658017 15.813515181986
234.672045598297 90.2797137309004 15.9947950129317
234.910435743458 89.1048777248045 16.1588715284448
235.126518618898 87.9333460321238 16.3202635538995
235.334503175646 86.6510985766406 16.4959275002492
235.503095858158 85.4910266394344 16.6536784136328
235.650291464674 84.3385945786066 16.8093817783449
235.785728486518 83.0799687623126 16.9889860941056
235.884211778218 81.9461949933916 17.1543170572618
235.971973597081 80.708627196932 17.3289112149721
236.034457168641 79.5969914405664 17.4837386378607
236.082376738067 78.4967611427115 17.6307163076194
236.121689460522 77.3007881287347 17.7871277088881
236.148120415998 76.2262554741591 17.9278522662757
236.168128070143 75.164758267726 18.0716054503271
236.181719660943 74.0115121052543 18.2288689580488
236.188506041755 72.9700588667464 18.3709953581126
236.189580910034 71.8344281240647 18.5440128938669
236.18541246206 70.8095685092255 18.6954952348904
236.179220851989 69.7943970363854 18.8309521530109
236.171797980634 68.688333039251 18.9703390110216
236.166311373972 67.6907977082108 19.0958368739793
236.161454665606 66.6997485962436 19.2247186798216
236.159134723195 65.6174249316439 19.3688383228674
236.158354183398 64.6391353458252 19.4968026817934
236.16413330805 63.5712838184376 19.6390155195715
236.172357914805 62.604908096025 19.7677581846506
236.183018392706 61.6421520670203 19.8994520635989
236.201342229903 60.5882642513636 20.0473377882769
236.222074487865 59.6340787051472 20.1792018622557
236.25067234163 58.6837336711662 20.3062377166442
236.289788784328 57.6402087031579 20.4481790532732
236.332585034749 56.6954987910883 20.5786109136675
236.387045468281 55.6593081133784 20.7196408239252
236.442798365674 54.7205767681196 20.8473242038666
236.505243702529 53.7850231932337 20.9727575287404
236.581046910388 52.7601967708806 21.1043866639651
236.654257899012 51.8304546483774 21.2242264406012
236.734780346431 50.903596568615 21.3473058990648
236.832546895179 49.8875837698987 21.4829045722613
236.925826229416 48.9660615805214 21.6081967443269
237.026862094973 48.0474434964935 21.736760193465
237.145223573784 47.0391334783735 21.8730163053379
237.258943184256 46.1256110755632 21.9935230737146
237.388818406158 45.1227492349836 22.1212881157476
237.513019138643 44.2141150398108 22.2386389458551
237.641486323954 43.3087168629126 22.3564083370426
237.792104797225 42.3187121039052 22.4830197422889
237.935724078836 41.4257749243761 22.5961228495553
238.104676060233 40.4488018541482 22.7237256673928
238.268409151151 39.5592730923886 22.840409210093
238.436463271133 38.6666142815479 22.9548660473519
238.62586317105 37.6806392634268 23.0750130826941
238.80044384922 36.7778455958605 23.1869211260833
238.977980729932 35.8715945763842 23.3010234485056
239.175773767848 34.8678077288782 23.4313003027641
239.358236524207 33.9539671776649 23.5491105880606
239.562153323142 32.942777579346 23.6835414178461
239.755571455054 32.0241226133908 23.8109082706502
239.952165419411 31.102736411456 23.9394150576806
240.168658167491 30.086460780081 24.0825371543112
240.368949903894 29.1611180275237 24.2040064143673
240.570504477913 28.2338398242627 24.3219886116296
240.799157208735 27.2147017287569 24.4576564324026
241.015467375727 26.2889178881407 24.581355525994
241.26001151076 25.2745446532822 24.71460784323
241.490838429252 24.3570518661411 24.836823650096
241.731208784007 23.4422238056069 24.9562614554927
242.006232623286 22.4377525540239 25.0883760566412
242.269662693023 21.5299286516424 25.2122077712949
242.542404840521 20.6246916629118 25.3334697002044
242.853674909425 19.6339499074698 25.4616380325009
243.148696497901 18.7372704267913 25.5769097217931
243.482088761118 17.75519240927 25.7076579499693
243.795250333459 16.8662967272024 25.8301509561092
244.116401096344 15.981345753295 25.951474365257
244.482003208632 15.0122331221626 26.0832362625927
244.822329635979 14.1346374283986 26.2020186990035
245.170211990913 13.2608798731546 26.3201523546787
245.559147844671 12.3058003917851 26.4459226250189
245.919101254121 11.4435042644192 26.5595631035909
246.321049662952 10.5003629121626 26.6808261115415
246.693434315587 9.65247437743068 26.7951795077116
247.071960250312 8.81089454689605 26.9084170130381
247.492309241194 7.89462878350253 27.0289084699871
247.880437658979 7.06717094049456 27.1394720742146
248.318368289798 6.16582489431057 27.2552632969606
248.722573048468 5.35313659225182 27.3550525481249
249.132563084525 4.5458199206991 27.4513699898342
249.592746667133 3.66741750873756 27.5577125507213
250.016831791007 2.87348332426092 27.6544515470229
250.446889808238 2.08578680609284 27.7465843340033
250.92717532607 1.22336810171021 27.8446316419263
251.369166643057 0.449942327593327 27.9325024033417
251.818943000675 -0.32275472691243 28.0213181727556
252.322469636667 -1.16729389099498 28.1189303081062
252.789767051187 -1.93219453362135 28.2075777854434
253.311243149146 -2.77052635951851 28.3014263279359
253.791619505328 -3.53332519819972 28.3847934023686
254.297711842287 -4.28643018953458 28.4761718013195
254.871765245141 -5.10951168523939 28.5785700278489
255.386003810744 -5.86305510506452 28.6651322788459
255.956066373715 -6.69108975463617 28.7568808003244
256.468224611737 -7.44784040763119 28.8347999788347
256.984983311692 -8.20583636901396 28.9167139826751
257.546322199822 -9.04579732380699 29.0078431905849
258.060000563794 -9.80954379606618 29.0938003552545
258.571554203107 -10.5755041414505 29.1750082742688
259.137640761391 -11.417373592446 29.2603740500217
259.653575332561 -12.1847008281421 29.3342996315793
260.224453531663 -13.0297489366452 29.4110410731794
260.742881019365 -13.8023389749366 29.4763139856159
261.262786265955 -14.5764179274706 29.542905064161
261.836936115536 -15.4343515929613 29.6201906057903
262.359298095112 -16.2201119760634 29.6871119982239
262.883384253884 -17.0067189267891 29.7527870422998
263.457907636926 -17.8714838543645 29.8205133042374
263.981436878907 -18.659000332785 29.8813934251444
264.556796297813 -19.5230234749042 29.9457851209897
265.079148816844 -20.3081436728656 30.0063305474655
265.602929898519 -21.0903871017563 30.0633300316483
266.180147774967 -21.9489947951 30.1227486809375
266.706617681005 -22.7269505100788 30.1757041318982
267.23338838265 -23.5045602861896 30.2267141525415
267.81498898597 -24.3595528700939 30.2826093156488
268.505896654809 -25.3624774292636 30.3430778882799
268.934913087684 -25.9760739305346 30.3768329136239
269.47557169683 -26.7361951761495 30.4170136177539
270.023769974851 -27.4931456657076 30.4563544828689
270.630008505897 -28.3213187386329 30.4967026353279
271.186558115902 -29.0709971369057 30.5364623061771
271.748845979197 -29.8151792822446 30.570761768166
272.373926418066 -30.6305596967462 30.6002560625546
272.952388913078 -31.36536726261 30.6269674325036
273.600363183173 -32.1684999966385 30.6562711833676
274.201157664732 -32.8930260047966 30.6823249489848
274.812264598706 -33.6137032397431 30.7100436492663
275.498357545936 -34.4012938754056 30.7362152024925
276.132879124093 -35.1130162531529 30.7573611482387
276.779195463601 -35.8228318463177 30.7757468728846
277.505401800128 -36.5969728180515 30.7968707389769
278.177628737189 -37.2972892210713 30.8135230809911
278.928063949117 -38.0620504091447 30.8244303857903
279.622748059095 -38.7535728671931 30.8259297544131
280.328161670235 -39.4392608480098 30.8270751655717
281.120445155274 -40.184688535816 30.8276753685968
281.85485113388 -40.8539066581484 30.8285783023711
282.60110549814 -41.5154599321924 30.823013941795
283.437420125508 -42.2337545393035 30.8108874185481
284.208154686417 -42.8797074337532 30.800832809851
284.992300907723 -43.5175271137548 30.7877760019201
285.868653212198 -44.2079529497592 30.7726885334888
286.679308708057 -44.8270469543633 30.7539976940797
287.583438772886 -45.4985951022195 30.7350042504956
288.415142836375 -46.102225037967 30.7139179388687
289.253265178452 -46.7028019130939 30.6940307902317
290.187418431498 -47.3567660943345 30.6735956753356
291.04752710383 -47.9443432676486 30.6559643543635
292.003775121562 -48.581950033548 30.6285660551099
292.880629262411 -49.1579648918631 30.5999873698449
293.766035350219 -49.7293201610556 30.5704729435734
294.748335792024 -50.3541421279881 30.5392564834586
295.646122283863 -50.9205019113838 30.5047679875186
296.548999320585 -51.484716918028 30.4703122119619
297.547713617611 -52.1076218038616 30.4401347088041
298.461023970066 -52.6722985962631 30.4192145977347
299.469976304421 -53.2983486520169 30.3995523087061
300.390877049924 -53.8680472771047 30.3799428932532
301.313560029903 -54.4396850391411 30.3608325155535
302.332259146613 -55.0690553727316 30.3372259374336
303.261462083691 -55.642624804056 30.3187752393157
304.192826874074 -56.21865644219 30.3024332836618
305.220764279565 -56.8505794192474 30.2868320959991
306.157268197469 -57.4222431014263 30.2734865118399
307.189545470939 -58.04441201598 30.2561132785271
308.129145726263 -58.6049373803337 30.241613608122
309.07357806922 -59.1595326426881 30.2276696258289
310.117715694056 -59.754071097973 30.2117303772921
311.070482364166 -60.2817150264055 30.194447701178
312.028960186197 -60.79609601401 30.1754939230756
313.089620022945 -61.345445806637 30.157159523161
314.05814006321 -61.8293328659375 30.1391720903384
315.126234147843 -62.3480102653373 30.1135377191071
316.10127944001 -62.8049206227297 30.0892873926432
317.080789431848 -63.2472416884344 30.0651773157288
318.162921722047 -63.7144611843063 30.0366017546579
319.149949671328 -64.1229080740982 30.0080913342802
320.140905234114 -64.5157445972626 29.9785425865187
321.235686603764 -64.9341091909997 29.9472620348509
322.234165868086 -65.3047757052031 29.918728901688
323.332099983789 -65.7076934490161 29.8850488994976
324.332066584394 -66.070438437747 29.8566943009287
325.331821392804 -66.4300056457126 29.8280107454512
326.431969511307 -66.8197380735422 29.7979769673989
327.43290551421 -67.1677391488341 29.7704898737422
328.435186103368 -67.5100656239371 29.7435052926202
329.539386387789 -67.8795458150986 29.7156954143065
330.544077768843 -68.2066979124884 29.6901311874196
331.650656711454 -68.5627803632702 29.6677427256888
332.657423045713 -68.8762300613893 29.6467894931389
333.665819952669 -69.1799333144422 29.6240098455461
334.77127436118 -69.506324432942 29.5915752983166
335.775493318638 -69.7977205250709 29.5653804061751
336.77795416888 -70.0860927429988 29.5394281655554
337.875865850247 -70.3978736844249 29.5139445638236
338.868241504986 -70.6720194661563 29.4909555562478
339.950182990832 -70.9661787730149 29.4679054702026
340.919435241594 -71.2361282506497 29.4467027944168
341.874651476246 -71.511845925963 29.4252345202393
342.905860433736 -71.8248526236776 29.4037182107326
343.825859461197 -72.116729782286 29.3849014165865
344.815332343098 -72.443313867869 29.365247871453
345.698688082293 -72.7431962179116 29.345875254199
346.570110215151 -73.0428278466731 29.3245972951941
347.519833992018 -73.3766007500668 29.3030499370796
348.380973665822 -73.6754852757136 29.2844124516697
349.238744291139 -73.9722059808839 29.267653479638
350.181432007038 -74.2884764969955 29.2455524074896
351.038390505492 -74.5669812369854 29.2239786314291
351.895650943547 -74.8340462422043 29.2038617141062
352.837618860459 -75.1116716450783 29.1823093237686
353.692455139102 -75.3508859960647 29.1634438874195
354.635265349328 -75.5929494133886 29.1401128625647
355.494463116682 -75.7930850148038 29.1176861164844
356.354781385482 -75.9690290414509 29.0946616578684
357.302325115918 -76.1404984875373 29.0714557726872
358.168226922927 -76.268421215249 29.0452367621467
359.039081260371 -76.3732766930361 29.0196238074937
360.001428813775 -76.4601236342492 28.9947900641867
360.878246722474 -76.5146194106376 28.9737897420354
361.841725731299 -76.5439007508668 28.9482056290098
362.72057928268 -76.5414287757131 28.9280969929038
363.602534489223 -76.5148883274868 28.9067539323893
364.574547107736 -76.4520043240464 28.8844454044965
365.462509848443 -76.3728572512202 28.8644920730269
366.356217772117 -76.2732146089769 28.8411893386346
367.345297773392 -76.1427785946505 28.8222904352863
368.250123083639 -76.0157568770603 28.7960235076987
369.251794085533 -75.8687882251823 28.7540557976272
370.171299863168 -75.7327123195294 28.7201499401994
371.102021628452 -75.5946645752549 28.6956728554712
372.135672200971 -75.4442758150329 28.6764282648163
373.083767004662 -75.3125571571287 28.6596057994816
374.134857275061 -75.1717936756277 28.639906210231
375.102359386654 -75.0455010389594 28.6199235568242
376.081050395178 -74.9198870051418 28.6007984158752
377.171806814831 -74.7820057573868 28.5854839974397
378.175790952689 -74.6552080953331 28.5770800203576
379.292897112834 -74.5132910426935 28.5691974671128
380.318577726649 -74.3833802614166 28.5595694654535
381.354028827404 -74.25294962254 28.5468766564052
382.503373924947 -74.1065851541409 28.5322563959974
383.555297116572 -73.9716162785614 28.5192149489671
384.723114347913 -73.8218536093957 28.5061782121012
385.787360263357 -73.6868168743132 28.500242861446
386.858902015301 -73.5508642476455 28.497323015596
388.041386335602 -73.398840749186 28.5004120472081
389.117089147297 -73.2552585642222 28.5051292213144
390.189866824012 -73.1043141849809 28.5085439733613
391.369768774702 -72.9296391294661 28.5118253491531
392.440230603273 -72.7582881261578 28.5143539455049
393.616281921472 -72.5566797858503 28.5186247434983
394.683084042846 -72.362654706939 28.5242343316048
395.747227043388 -72.1594113083677 28.5305945453015
396.912644702005 -71.9249406733056 28.5359855924739
397.966377966333 -71.7024010439407 28.5402771853369
399.014590684762 -71.4692522211952 28.5432676201393
400.16231951051 -71.2040485057309 28.5500804286719
401.201237034951 -70.9572584558015 28.5612076512078
402.339276736288 -70.6807898599552 28.5763402257016
403.369061123003 -70.4224517570273 28.5887804551556
404.396946106783 -70.1591699934801 28.6002274245012
405.524711776248 -69.8642469524478 28.6148273049856
406.548317657834 -69.5863250613476 28.6253503509537
407.571597626163 -69.3026788075271 28.6384261155599
408.696637926162 -68.981211166163 28.6626850318829
409.924746337017 -68.6217628109069 28.6789735923729
410.8465984688 -68.3472456239017 28.6912002444617
411.870148193908 -68.0410363590075 28.7078056795978
412.895189988864 -67.7310068892845 28.7245739031322
414.022005322416 -67.3852731154014 28.7414757274224
415.048567544893 -67.0705145988163 28.7489815835551
416.075939056071 -66.7546520294762 28.7550815666764
417.209616570342 -66.4074212397574 28.7601455520657
418.242111610594 -66.089633460752 28.7639473103526
419.379835022301 -65.7367019768685 28.7672918859388
420.415345834252 -65.4136753776428 28.7716358924096
421.452057279927 -65.0882371778726 28.7761222353993
422.591903759062 -64.7270598170957 28.7821045836883
423.626829998809 -64.3986625928492 28.7856144287634
424.763784284475 -64.0354447140301 28.7877978154611
425.795364624448 -63.704630620826 28.7873572628413
426.823016626989 -63.374112462349 28.7850299905962
427.953063414182 -63.0145619460421 28.7783354244997
428.981309900373 -62.6889494110152 28.7717544423045
430.008019936066 -62.3681643868882 28.7682376607263
431.136027119879 -62.0178567940265 28.7629214560911
432.15952118363 -61.6985938405156 28.7552458253309
433.284623774824 -61.3511528637409 28.7453326383806
434.303189528496 -61.0397221598113 28.7359148023764
435.318326139582 -60.733768383027 28.7269064669966
436.431244116238 -60.3976685758421 28.7160628341516
437.440522271894 -60.0972750495479 28.7092666871946
438.44508480063 -59.7979757147529 28.6984655438357
439.546035572947 -59.4710683125736 28.6811601395801
440.541337075462 -59.1748976503481 28.6626654165814
441.631878189618 -58.8546149672462 28.6410258034422
442.618686883461 -58.5639515793727 28.6214615019562
443.601032678127 -58.2778296153424 28.6019556918185
444.67639395782 -57.9662209022461 28.5793421476915
445.649209227276 -57.6835959323653 28.5613737549686
446.618115468848 -57.4046550222483 28.5445791970868
447.67579684674 -57.0960158556635 28.5245586210625
448.631947906679 -56.8180449540594 28.504565119491
449.676287049079 -56.5119570863623 28.4787585447448
450.620075398309 -56.236054580827 28.4558504905655
451.559103754121 -55.9601353981015 28.4318496831348
452.587433841953 -55.659384533422 28.4034709333307
453.515720980403 -55.3869772776665 28.3778221142192
454.437536695342 -55.1136542193142 28.3487962894314
455.446000775837 -54.8104808270315 28.3079130076156
456.359528191897 -54.5359324959727 28.2719656208319
457.359600251035 -54.2359942343301 28.2318125977825
458.263198246656 -53.9655029994727 28.1976474092892
459.160416044901 -53.6871119882261 28.160526002829
460.142354110435 -53.3870696271986 28.1206930198971
461.031880649464 -53.1138366847746 28.0830158926135
461.916902707327 -52.8418223332794 28.0421105337612
462.89260137178 -52.543222194344 27.9951533116038
463.770748194608 -52.2715142635689 27.9477010582915
464.644840650479 -52.0006750960597 27.8990266558839
465.603061119575 -51.7034241477282 27.8493020689954
466.469778464496 -51.4321661349995 27.8023199785824
467.417443179537 -51.134518104687 27.7510708790474
468.271280984163 -50.8638725857495 27.7022106745492
469.117298685615 -50.5928631087711 27.6554401991061
470.037455953321 -50.3000136542516 27.6040749484956
470.867381127778 -50.0407402089633 27.5568276076942
471.687134955657 -49.7848419610207 27.5100031253351
472.577643276673 -49.5054905178984 27.4602217606209
473.373042303658 -49.2557863633083 27.4131859486994
474.234244456764 -48.9841867441963 27.360005382419
475.003184808885 -48.7424028350246 27.3126662436292
475.761628336398 -48.5033976855333 27.2674049047137
476.586506007759 -48.2431546356911 27.2183690374589
477.331551190331 -48.0098336116176 27.1759666369859
478.072688002453 -47.7784202209786 27.1326320398726
478.885113000108 -47.5267087543479 27.0862310288952
479.623807615134 -47.297931822686 27.0452430204428
480.435225966204 -47.0524769142272 27.0004255989241
481.174855423141 -46.8332823834843 26.9614090857019
481.913880787411 -46.6184676595113 26.9218545571827
482.728863688192 -46.3890113418925 26.8794938856683
483.471666503086 -46.1904277148168 26.8415421343435
484.290614265061 -45.9838080228569 26.7969361228292
485.035979530535 -45.8101286949794 26.7498246651156
485.78323056813 -45.6476349298349 26.6987981545728
486.60868533136 -45.4879843138379 26.6395849601786
487.362229080613 -45.3631020520152 26.5891183612371
488.197086157325 -45.2499653949627 26.5294150197093
488.957507405548 -45.1668389759187 26.4716404015969
489.720409907891 -45.1031991168728 26.4152045178488
490.560957514006 -45.0539307502208 26.3544970690698
491.328535280463 -45.0281022232827 26.3021138487094
492.097604495217 -45.0251599021163 26.2503424545041
492.946419927908 -45.0450713143977 26.1929453935804
493.719597492492 -45.0859353389184 26.1376695070993
494.572573872365 -45.1518349530959 26.0757088896623
495.34972749311 -45.2328515474324 26.0185212470611
496.127575168961 -45.3349479016069 25.9613442694605
496.984448113634 -45.4700102971778 25.898107015576
497.763540118763 -45.6117155809106 25.8395416818616
498.620167206611 -45.7907704535171 25.7736110210568
499.39930830206 -45.9679534414604 25.7138002124062
500.179158982656 -46.1623069738003 25.6564656750457
501.03593122219 -46.3924511470966 25.5917171469203
501.815967548308 -46.6177273439027 25.5327669892989
502.594638239745 -46.8588556664951 25.4742350622354
503.450696188003 -47.1421527742025 25.4123217812692
504.226515177084 -47.4162717336277 25.3563683891296
505.077889611032 -47.7383493567042 25.2954346673254
505.849062110347 -48.0498352100822 25.2419704983642
506.617383760914 -48.3716404310205 25.187364566764
507.456669246793 -48.7446161193286 25.1234585733756
508.214904505912 -49.0984950905024 25.0616929095729
508.97150386434 -49.4641968016199 25.0057637393687
509.798723560517 -49.8798401866752 24.9418480623789
510.545370815307 -50.2751351478299 24.8869051136994
511.284685878912 -50.6897740832571 24.8379181430276
512.089091236647 -51.1675037235513 24.7867457651619
512.810879520681 -51.6180517701835 24.7352462376843
513.592311266195 -52.133700193001 24.6783425634789
514.287328659335 -52.6210184683369 24.6257563026617
514.968404018194 -53.1265510587674 24.5739591916974
515.698056836847 -53.7045320369113 24.5173409139236
516.344015359054 -54.243565817691 24.4662521670992
516.971468847134 -54.798440801883 24.4177538203808
517.642016241104 -55.4234470564699 24.3635619088827
518.238127074726 -56.0087675257169 24.3155241843327
518.878197711147 -56.6681078735995 24.2602161332879
519.449917201062 -57.2833898972442 24.2112041096802
520.01379785654 -57.9083675633782 24.1621592266094
520.623262998966 -58.6088393240331 24.1070655955742
521.166036582575 -59.2578819871188 24.0495244974573
521.69877056979 -59.920434985391 23.9904190736326
522.273959516966 -60.6660409032695 23.9324709733534
522.787250745991 -61.3562238958987 23.8822893052985
523.337719711843 -62.1300791329367 23.8185846473983
523.823194090513 -62.8473599232656 23.7572647937467
524.294611310349 -63.577719686116 23.6930835363377
524.794316945949 -64.3978265419147 23.6212299257011
525.233190802464 -65.1570500256487 23.5575236290002
525.653064219864 -65.9326187655588 23.4977379906429
526.096337729531 -66.8011808644388 23.4291780928035
526.482762365481 -67.606788547518 23.3657338169199
526.888948296126 -68.5092848645243 23.2960475111887
527.239063900003 -69.3447339591512 23.2309651096668
527.571536775515 -70.1935204628486 23.1658581646026
527.913324866318 -71.1437189433749 23.0970867844575
528.20401433848 -72.0214864073535 23.036070423893
528.472766339907 -72.912498463485 22.9764099511126
528.744168893671 -73.9066504979431 22.9106272085833
528.966096243706 -74.8221735718762 22.8511210663025
529.180874142804 -75.842722090673 22.782830268846
529.352118020462 -76.7819099080464 22.7210629263379
529.500649907376 -77.7301906858581 22.6576037749441
529.638087316303 -78.7828181021314 22.5849382938451
529.738999698236 -79.7496716441889 22.5201152598096
529.8180289809 -80.7251886529508 22.4585860510466
529.877773247987 -81.8096500976046 22.3931264283373
529.908414971051 -82.8030280204169 22.3338835620285
529.913700046214 -83.8006328301237 22.2701024145949
529.895782581297 -84.9047021014567 22.197982673613
529.85465484852 -85.9149182675985 22.1324031613751
529.782534754898 -87.0304235913331 22.0605927544272
529.687806870442 -88.0486706758232 21.9981384803417
529.567363940883 -89.0688925210775 21.937252498637
529.408106106156 -90.19545957763 21.871020487361
529.236642827299 -91.2203347790518 21.8105021335418
529.043024016534 -92.2452863345118 21.7472712650719
528.805446584358 -93.3753312338906 21.6796953602779
528.566140032338 -94.4057708673909 21.6241053429789
528.278184381036 -95.5408802129227 21.5626495854549
527.994993858967 -96.5699770261856 21.5055734158372
527.68798338392 -97.5976542354692 21.4521702458766
527.325527652926 -98.7261337426847 21.3989517936656
526.972174225738 -99.7511368721974 21.3544185200143
526.597407079744 -100.772445336882 21.3052828855072
526.160577221135 -101.891441680958 21.2487926330033
525.74194585241 -102.903818425568 21.1991387820811
525.306435211341 -103.913355993014 21.148285880364
524.810790690098 -105.022960972331 21.0892129808805
524.34625574438 -106.029681038231 21.0385554890896
523.82313494782 -107.137467888105 20.9855600057696
523.341338243836 -108.146113057315 20.9354625225038
522.854770629061 -109.158530178022 20.8820926929233
522.316954561768 -110.27782123346 20.8222307302431
521.825746999316 -111.301751808317 20.7647430492163
521.331615616648 -112.330209863273 20.7054182223053
520.78519154702 -113.468525012035 20.6380524681349
520.281056614288 -114.50394738896 20.5728344378312
519.723723109598 -115.648234440735 20.4964845109209
519.211821276848 -116.692828465582 20.4291209398849
518.696192254031 -117.742889141739 20.3648027810112
518.125165590083 -118.903564771415 20.2963363810081
517.601992048325 -119.965794364408 20.2350523143281
517.074919123256 -121.031717148626 20.1722690249166
516.492958294193 -122.209308887021 20.0980711723632
515.959961151314 -123.284398289287 20.0268234155658
515.367026444301 -124.471020557926 19.9461434938006
514.824775421644 -125.554666846523 19.8712933717941
514.278344303297 -126.642269272333 19.7958014462923
513.672991258013 -127.843753912885 19.7116731658074
513.119856897465 -128.942739521735 19.6391022803687
512.564982455123 -130.048959226629 19.5678796882431
511.955103624519 -131.273473515543 19.4851615819788
511.397923522439 -132.392483842229 19.404889350397
510.779350877585 -133.629561721611 19.3215875828788
510.214044984193 -134.761966426602 19.2489139349947
509.645161910102 -135.903833671243 19.1830192123002
509.013659297705 -137.168218645951 19.1101414989089
508.43758942547 -138.322272519867 19.0359062780769
507.858795966739 -139.481346026133 18.9574918923783
507.218223951088 -140.763679086775 18.8747665476399
506.6321538034 -141.936546974635 18.8012956661354
505.984301404244 -143.233229492183 18.718109997366
505.390291000329 -144.417139767963 18.6410947931035
504.793325544457 -145.606449340282 18.5646552028163
504.133236217269 -146.922165335741 18.4809651571865
503.529250842626 -148.123392987668 18.4046329478267
502.924707160231 -149.330832297236 18.325668539134
502.257058018083 -150.664717468511 18.2354982681683
501.650855170274 -151.882722971119 18.1494979748568
501.042593068424 -153.105554111653 18.0686243827582
500.373569316659 -154.452040453862 17.9805195302953
499.75980514446 -155.67516225141 17.8984634767449
499.081427695258 -157.020467885327 17.8109246738841
498.461689552938 -158.244364093831 17.73446797668
497.841605911304 -159.469734293017 17.6593232333523
497.160831757587 -160.817607917482 17.5750582609085
496.541327136488 -162.042973612405 17.4978483316046
495.921161668745 -163.267157273517 17.4200536655596
495.241060977075 -164.61512980779 17.3325322984344
494.620987788207 -165.839617519677 17.2540875658545
493.939258997334 -167.186597227418 17.168353891571
493.321357900944 -168.410781639829 17.0904736906573
492.704320892107 -169.63529817829 17.0135860369079
492.032191337558 -170.987208290354 16.933680118182
491.423328143607 -172.217115229855 16.8591205053627
490.81561657596 -173.441883753442 16.7699349507786
490.150838522874 -174.784975339994 16.6718980881388
489.543819477811 -176.003728479733 16.5920670690786
488.882024904335 -177.343111675602 16.5080810332487
488.285058909388 -178.560269108546 16.4341519789459
487.690462020999 -179.7764909161 16.3618756974851
487.037607964129 -181.112797226104 16.2810263785622
486.445225086013 -182.325381120162 16.201381591489
485.855922310524 -183.538820482229 16.119196670275
485.206241682575 -184.87090490975 16.0303493000536
484.613915885303 -186.080090489221 15.9527727275887
483.963107763417 -187.405636136761 15.8732109922747
483.371427728003 -188.606715149974 15.8034390012581
482.779286948129 -189.803061367633 15.7322092380431
482.127737600584 -191.113804166528 15.6511212042028
481.531804631529 -192.298848789626 15.5762079030755
480.934201652444 -193.477928206136 15.4964569596055
480.2730813322 -194.767719248222 15.4116461768339
479.671538182505 -195.935361066296 15.3362612849701
479.008917746078 -197.215342655127 15.2594622588264
478.402847661388 -198.370276127966 15.18935065435
477.798732117823 -199.517233213719 15.1196003149374
477.135946652282 -200.766500462447 15.0415971005175
476.537655071409 -201.885678091296 14.9719634330789
475.944019417315 -202.989572346863 14.9035256430168
475.29732842817 -204.183298462868 14.8311655720775
474.716954109704 -205.250777612819 14.7635819428865
474.08763869478 -206.404998408244 14.6888077753475
473.523949905907 -207.437296405793 14.6212819108652
472.96706365537 -208.451993408487 14.5566573489553
472.365283497551 -209.547827688176 14.4896792015368
471.827599713934 -210.525394763537 14.429033643508
471.301934348865 -211.485247885904 14.3692172522834
470.737113394687 -212.521125172865 14.3037230749378
470.237936778551 -213.448468465726 14.2456487174583
469.751131260228 -214.367352191304 14.1885641591658
469.2315040906 -215.372238973136 14.1252847968994
468.774739211572 -216.283431761482 14.0672560280767
468.29140606036 -217.281866849586 14.002378984578
467.875009369687 -218.188620928094 13.9422066995843
467.478844314477 -219.094088271753 13.884566548453
467.061053824653 -220.090896012881 13.8234855350789
466.70058991893 -220.99563986713 13.7679090190222
466.356580490906 -221.910296232384 13.7145745868982
465.995321032326 -222.921976587913 13.6568320676252
465.690056059801 -223.849940644344 13.6014612783505
465.372153650546 -224.874273905404 13.540939402129
465.101593313857 -225.812443404011 13.4836436071664
464.852120136949 -226.753120855368 13.4191132447787
464.601735010091 -227.786675435918 13.3449709583431
464.396876331158 -228.728578045919 13.2758210668835
464.216497497705 -229.677428442444 13.2076377962809
464.033222983793 -230.729251864266 13.1343640358863
463.886912760744 -231.689011499576 13.0657497100319
463.748147263792 -232.749030426393 12.9892683257766
463.647048462062 -233.717498355767 12.9210621190265
463.572940313281 -234.694993928147 12.858168538254
463.521587273615 -235.777585172063 12.7931386573435
463.502394119564 -236.764710256952 12.7329998597825
463.50891837912 -237.7601392244 12.672704867638
463.552314848012 -238.863288833301 12.6064632224417
463.622041423279 -239.866560864768 12.5423633878224
463.72160856502 -240.872092611102 12.4769856360434
463.864130329683 -241.972637204833 12.3957495331761
464.026157941183 -242.976290053547 12.3180017236697
464.234204756818 -244.078986627408 12.2380460139814
464.459195563736 -245.079206638965 12.1648155078989
464.714431696583 -246.078447900747 12.0937150504857
465.024523152301 -247.179926469957 12.0201214717817
465.335864805591 -248.174976394457 11.9506825641892
465.673989379278 -249.166189016992 11.8795653359769
466.08242740235 -250.249131323255 11.794394932145
466.480215443911 -251.225091175218 11.7140139686068
466.952374674365 -252.293576448896 11.6322366645691
467.409089243301 -253.256676976319 11.5585032658758
467.893351889559 -254.212829262346 11.4817729943461
468.453724553343 -255.252899642533 11.3909185786952
468.987455085435 -256.191143536302 11.3009770288607
469.542679664379 -257.117359047806 11.2048308726587
470.18114588035 -258.125285464225 11.0972478374725
470.787149599113 -259.030390330589 10.9960986345364
471.477857906506 -260.007687530826 10.8800037796539
472.125938532951 -260.894001366744 10.7735833831033
472.791420182562 -261.771645275082 10.6657012157507
473.538264510397 -262.724412100756 10.5446921335565
474.231872341781 -263.589677176539 10.4352178430294
475.010578907379 -264.534092625393 10.3135992849009
475.731874626857 -265.387442805464 10.2034934439302
476.464513884735 -266.235909730995 10.0967887002786
477.284810894907 -267.165067763001 9.98793295135417
478.03793534878 -268.008052006967 9.89687047830497
478.792010208392 -268.838806804713 9.80170495462504
479.625441456845 -269.745134249528 9.69556586586532
480.384349726372 -270.56549638569 9.59654539646688
481.223390767519 -271.465154657791 9.48434543503853
481.985599343239 -272.28004483216 9.38050483003487
482.749158592694 -273.089988008426 9.27311269636937
483.58742554715 -273.978128736175 9.15851993696258
484.351115421283 -274.777557812753 9.05857784174269
485.190763509439 -275.646986814361 8.95231485239674
485.943922107032 -276.43127776607 8.86022290690835
486.688186175739 -277.204942119321 8.76858219326849
487.496882941678 -278.051798582831 8.66744333559071
488.221276299175 -278.817131266904 8.57599299633618
488.928438110964 -279.571375447565 8.48048250187535
489.685585193768 -280.395165176976 8.37990171723599
490.357015448057 -281.140944969763 8.28909350136957
491.078310109086 -281.949906870303 8.18895866829973
491.712882928521 -282.684859567132 8.10789465301265
492.326893223595 -283.415854456624 8.03027370587397
492.97667424999 -284.212598646408 7.94944740814553
493.548009429448 -284.93410076679 7.88086096548113
494.152836249537 -285.721860911881 7.81037761007093
494.672799823914 -286.428901242803 7.74758015165561
495.170651467149 -287.126968048728 7.68718928473438
495.69172013276 -287.883524425913 7.62194673708579
496.14753556969 -288.562193080669 7.57031689448436
496.631771995041 -289.299538818133 7.51685993152869
497.048593288338 -289.966172356289 7.48411813337493
497.447043870627 -290.63360640438 7.4680320264878
497.860891018764 -291.363587547935 7.44907196897173
498.208898864236 -292.02888581926 7.43226907544671
498.56082174857 -292.761519922119 7.41912035032317
498.848782624415 -293.426030268799 7.39908235269951
499.113112280604 -294.104278330431 7.38167454921649
499.370755080849 -294.861060477601 7.36177497775258
499.582285363186 -295.557566209278 7.34796154717574
499.782897785477 -296.328475906038 7.33853637575975
499.936721105875 -297.04292667024 7.34070665459799
500.059780574595 -297.764185988269 7.34961765975883
500.167737865347 -298.554104786472 7.36112692820037
500.235763635613 -299.267296065576 7.36339800429449
500.272594042541 -300.055882944699 7.3602613434326
500.260625179521 -300.764464117838 7.34800187045777
500.226388050221 -301.475564038996 7.3383844528946
500.154302721836 -302.257556346438 7.33343200495672
500.053337951288 -302.969126772543 7.33144099214827
499.91264860169 -303.742952039207 7.32606357401102
499.768561565554 -304.442864192047 7.3273971576566
499.604927450269 -305.141412092524 7.33010631334701
499.396485394308 -305.90157874862 7.32440016971433
499.191249929114 -306.590676027628 7.31972328057368
498.971382037538 -307.277078193286 7.31046919552124
498.717220786444 -308.034045776537 7.29790962611194
498.467641468638 -308.718391054429 7.28680490604965
498.186116045289 -309.475357881783 7.2801968575314
497.914097636849 -310.158080513498 7.27007371477186
497.631917207327 -310.839471519483 7.26174352816512
497.304356933473 -311.583652695657 7.25681575525083
496.990434169107 -312.254564155551 7.25917002744494
496.624342678407 -312.977754239992 7.25519088319764
496.268836904847 -313.62609668304 7.24694102593502
495.893989043915 -314.2650199277 7.24484760960545
495.452217992628 -314.954446640734 7.25057386605144
495.025958229826 -315.564038952219 7.25531757951182
494.531563031458 -316.213743778738 7.25495470424086
494.063132740257 -316.785675179493 7.25250377579354
493.571881754663 -317.328909831093 7.24676744460366
493.011723743648 -317.900570103884 7.24276772269213
492.482309188421 -318.384780127999 7.23266777343021
491.888771227871 -318.891236388064 7.22803063080104
491.335504918529 -319.315930114047 7.22102618885737
490.777220507833 -319.717319920626 7.21599410279145
490.157142701953 -320.13686351966 7.21326927052017
489.58063786478 -320.500580040974 7.21129378417002
488.995777503667 -320.852379959442 7.21322335623904
488.345938360252 -321.226183721593 7.22225278816191
487.74340549799 -321.5500676695 7.23214528382868
487.069699843166 -321.886341396447 7.24301835421743
486.446964011182 -322.171674515388 7.24584120426643
485.819122735199 -322.444379778215 7.24506872200368
485.115281343852 -322.720591936169 7.24399746573158
484.462823873444 -322.945036741185 7.24335889900313
483.803381767939 -323.152051641102 7.24267272783818
483.07235859721 -323.360365952851 7.23614857014415
482.404251470538 -323.525829051998 7.22659653608447
481.651646151242 -323.679134727828 7.22718978656366
480.961909067745 -323.795697364878 7.23479705734424
480.269411900088 -323.895987958818 7.23297965399212
479.50029840967 -323.979553543296 7.22421983283808
478.794104804238 -324.027419863199 7.20926441964424
478.07720703095 -324.050564293346 7.19072545285454
477.28117788568 -324.048750181728 7.17335539182065
476.553867653325 -324.023314491613 7.16176168822278
475.748833605796 -323.97452163957 7.14661228838308
475.011460144157 -323.910991622955 7.13020563242338
474.269765752545 -323.822465963173 7.10955333309068
473.449761013882 -323.702817903444 7.08695239026734
472.695993540582 -323.576434750617 7.06691763281302
471.935262690224 -323.436638834685 7.05228405804793
471.094235956292 -323.269574001323 7.04175625906496
470.323244119026 -323.105644974862 7.03186964565037
469.467238981544 -322.910785013448 7.03009714077225
468.681530686989 -322.717233738434 7.02310791779075
467.890658479501 -322.511498051796 7.00859910419431
467.012811873138 -322.273050815485 6.99786686410364
466.20827200433 -322.051463474314 6.98139780689409
465.394772951689 -321.824897859938 6.95640585351529
464.49029710983 -321.567396560594 6.93193501364922
463.658523317133 -321.333432482839 6.91693742121594
462.735915489204 -321.075030506261 6.90113057402923
461.890111049634 -320.837551261375 6.88598522060946
461.035495116816 -320.596499035555 6.86536836985009
460.083516049908 -320.324138270147 6.83135666970014
459.20855580925 -320.072925325147 6.80013055882858
458.324255862125 -319.818982766867 6.76604327533021
457.347934999961 -319.535931342312 6.74159690353057
456.451978553105 -319.27523147409 6.72250144371891
455.456837711585 -318.985219585561 6.70436889858065
454.545873191903 -318.718653346146 6.68713904539622
453.627916603991 -318.444641150634 6.66347399562273
452.614320138047 -318.143252951251 6.64660889883054
451.689455619935 -317.865920533309 6.63291073239482
450.762016050103 -317.588015323723 6.61901218927697
449.740163709093 -317.282984166115 6.60724105712953
448.808026254762 -317.000708322336 6.58887959042769
447.78104013774 -316.687625300702 6.56118715409362
446.847390642671 -316.398600259919 6.53598674318696
445.91114092888 -316.104229685373 6.51594156765065
444.881693485599 -315.778443816764 6.49915718402699
443.949748471818 -315.486049730383 6.48368973286523
443.014735207251 -315.195100326215 6.46656152317471
441.983968562454 -314.879470600087 6.44763535182111
441.044618038624 -314.597315063665 6.43100880382747
440.009824174662 -314.289496951632 6.40986902616389
439.069032584552 -314.01258338197 6.3942246793436
438.126222959321 -313.741610991108 6.38284178639081
437.089415078375 -313.449437007858 6.37703977805455
436.147336743498 -313.191532679289 6.37699133161881
435.203094120698 -312.942863393656 6.38376256625239
434.163088493393 -312.675793968936 6.39251969259581
433.21826482008 -312.443401197713 6.40692328367377
432.177090454431 -312.196817982882 6.41514654908759
431.232691857041 -311.982482901014 6.42480844701284
430.285582825733 -311.779791102114 6.42533365908186
429.241436163836 -311.574837643743 6.42493932175771
428.289393663679 -311.400229555624 6.41307945632187
427.335155424646 -311.242883339277 6.41452464974568
426.284678821744 -311.083185029892 6.42122424757179
425.327935993239 -310.949593052341 6.42787578720407
424.371665260416 -310.830860350943 6.44026281453928
423.319125822259 -310.71494598546 6.44148963738498
422.36055972018 -310.625893775575 6.44447345191824
421.304099171248 -310.542880419791 6.44781816547308
420.342856840137 -310.479549467613 6.4512677530138
419.38104634587 -310.427285723703 6.44882592021584
418.323384713661 -310.386046618912 6.44808616036948
417.360807625145 -310.364606554257 6.44136481695087
416.299687213905 -310.350369889067 6.43148872532776
415.333275856012 -310.349469887086 6.41612958960092
414.368717726003 -310.362126525378 6.40170059846556
413.309853638604 -310.391409945604 6.39001453796657
412.347482900785 -310.426485540923 6.38199424166398
411.38538484286 -310.474633756651 6.36968176461233
410.325326184113 -310.536120608601 6.35114788647768
409.361625596187 -310.604144815991 6.33516322138613
408.301089984587 -310.691255336779 6.31951448235578
407.334525460365 -310.780998903797 6.30516613800183
406.371948708432 -310.884424855465 6.29199253195636
405.315164272833 -311.008482772596 6.27985941415456
404.357361755555 -311.129566137959 6.27302481116113
403.402048341203 -311.259862738779 6.26985821589376
402.355180461844 -311.413741726424 6.26681784026238
401.406760829289 -311.561869657753 6.26548658142898
400.371521747423 -311.739048374323 6.26885602453135
399.432893950511 -311.902741602997 6.26667588550482
398.495582223564 -312.070628996231 6.26398440077815
397.469030922511 -312.26567938934 6.25946697724263
396.541429061151 -312.453403529224 6.25984436702007
395.617853384843 -312.647900774029 6.25676584812081
394.604216278495 -312.86538946425 6.25209857452575
393.685659152799 -313.06783544075 6.24795575581671
392.684172853569 -313.299803122738 6.2411400263937
391.779642233941 -313.510669308468 6.22614277364522
390.883934983595 -313.724506727896 6.20645425137882
389.908293020152 -313.959041472079 6.18227134495234
389.033787296135 -314.176924659034 6.16763091636131
388.170299199988 -314.39854993303 6.15331385138236
387.241450412413 -314.646910041149 6.14617339592001
386.414756848214 -314.874543508067 6.14278751090153
385.531638144239 -315.129580072746 6.14667938035327
384.753814263841 -315.36431709715 6.15199904972326
383.997187626712 -315.593147783181 6.15102235806749
383.18647572607 -315.840050662383 6.15076999146379
382.476380395972 -316.059105515722 6.15886254236819
381.790636107693 -316.28008451199 6.18144417654154
381.060074916817 -316.516478155189 6.20827386429993
380.410660569009 -316.726880752095 6.23510748517776
379.70016677788 -316.946240538058 6.26339944819988
379.056790943085 -317.139897461396 6.2929422538379
378.41472231873 -317.327342477769 6.32565939009646
377.718350198252 -317.532810069666 6.36353538929819
377.086715789288 -317.70814668914 6.38367746882138
376.398563448969 -317.899272926581 6.40646644223972
375.772955707986 -318.055472741593 6.42367845969644
375.15060485848 -318.203546239356 6.45513762122431
374.470172292653 -318.357519882458 6.48983211119784
373.852494066885 -318.478071768093 6.51990992483027
373.175461554247 -318.58399307774 6.54701718117657
372.55799645462 -318.65592064726 6.56779876209409
371.875322497409 -318.702407688537 6.58150219071094
371.254884424311 -318.718492552843 6.59182052574359
370.636613214622 -318.711395512999 6.60178827863269
369.957092455353 -318.671087633795 6.60361062219472
369.339894288261 -318.61075473496 6.59690788552131
368.659938755911 -318.508118301819 6.58699568704272
368.041541489885 -318.382977581264 6.58122256679106
367.420092191712 -318.223968624292 6.56833354967464
366.744054890488 -318.027753095038 6.54842905205537
366.132736408155 -317.813115637607 6.52150735157129
365.467174575332 -317.548723013598 6.49299116323896
364.871359991768 -317.274762104067 6.46803218436125
364.284151083803 -316.978227219973 6.44295899669814
363.650641745367 -316.622592656566 6.41587491931705
363.082482710644 -316.276405796589 6.39811112423314
362.467539655707 -315.86486428486 6.36942086522987
361.912800836911 -315.461611661802 6.33565848624825
361.364249259898 -315.034264695729 6.30078152611671
360.765584851104 -314.534772764613 6.26786680767324
360.223046551148 -314.064602056586 6.2454761664657
359.67879644059 -313.574266257207 6.22063208013555
359.077729894248 -313.022820595774 6.19731454345864
358.530728803212 -312.502346950132 6.17591732378343
357.921707981047 -311.905630044524 6.1441224977748
357.37097658505 -311.349989388757 6.11612116840308
356.816010951701 -310.773869381633 6.09378237138674
356.202827752309 -310.122791251746 6.06871697359394
355.637176476663 -309.515952499413 6.04389194047924
355.063666338759 -308.902969257223 6.01635203501323
354.415972187449 -308.220524810555 5.97913367587927
353.811249624363 -307.591504594951 5.94162353898492
353.197332702361 -306.954657736692 5.89819077188758
352.509026299502 -306.243670591694 5.85520932154225
351.881983009928 -305.594291170392 5.81870823047898
351.176107790897 -304.869508797415 5.77685582370712
350.52855379294 -304.199905416219 5.73447029141211
349.871364261981 -303.527665018352 5.70003449185168
349.13905451696 -302.78101628915 5.66380264476778
348.465732268801 -302.100634238278 5.6388582930379
347.783004545505 -301.415011543378 5.61465194592637
347.020909251473 -300.651971778824 5.58464617281699
346.318831137321 -299.954807014042 5.55774223833091
345.54230413077 -299.187695123284 5.53343205655577
344.827913424513 -298.487796693106 5.5144949426187
344.113428736131 -297.792390224065 5.50734944247883
343.316688543356 -297.021173666962 5.50141951987534
342.591083396385 -296.324504870351 5.49805312101999
341.861328687971 -295.626559950568 5.48818723744611
341.052662951295 -294.863200056287 5.4818131784657
340.310053328235 -294.170751173213 5.47660040930225
339.561352570237 -293.481671699911 5.46592711862153
338.732243108837 -292.728435503368 5.45053925301365
337.973383415622 -292.044727832569 5.43754401053779
337.132211258586 -291.297764124036 5.4234811575709
336.357975016968 -290.626047456986 5.40608464386553
335.57706561155 -289.968453638203 5.39440304970353
334.707932576758 -289.255429699725 5.38631077772199
333.908479548387 -288.629044234727 5.38937114477021
333.094660743326 -288.010465504778 5.38727959907468
332.18578820257 -287.344420839722 5.37868134491637
331.3494010622 -286.756398687715 5.38084756550683
330.422236778683 -286.12507846222 5.39012518031404
329.570451889285 -285.564948903701 5.40239729535755
328.712654476341 -285.01399308717 5.40463452007673
327.755905575511 -284.414865086613 5.40565347897577
326.874663489839 -283.87763390304 5.41069719387079
325.987673048174 -283.351492534036 5.4199364909229
324.997671276392 -282.77943525388 5.42288682598534
324.090123404197 -282.270983523352 5.42976831132785
323.078539243966 -281.716545346349 5.43223787979611
322.149653203555 -281.221083079791 5.43334455383004
321.212041332295 -280.733448452152 5.43856762939002
320.168185711365 -280.203846615758 5.44012996932034
319.210894369597 -279.727436922962 5.43902583269825
318.248932060285 -279.257645575997 5.4428517169681
317.184555591477 -278.74319612066 5.45008089735115
316.212931591712 -278.272033158073 5.44410459244711
315.137632649634 -277.752470065018 5.44112436719514
314.155779033787 -277.278459814736 5.44093961190413
313.169380367798 -276.801834795627 5.4398284041607
312.076643911944 -276.277478275714 5.4397851840581
311.078940079505 -275.800229990699 5.44145651824946
309.974815760707 -275.277320822572 5.43586649915272
308.961538309476 -274.79916328743 5.42304342421969
307.944117885073 -274.326431361383 5.4209598150699
306.818705334512 -273.802916207169 5.42499432368689
305.788507929378 -273.323495921753 5.42448180815438
304.751893198383 -272.838176426527 5.41428391723289
303.606926198355 -272.29625306875 5.39383003242266
302.56151715249 -271.801322953162 5.37007656119968
301.405819544256 -271.251768474345 5.34581494492146
300.348789473536 -270.751349710737 5.33712458027983
299.284269322687 -270.250351953151 5.32929975382275
298.10802207468 -269.697875263974 5.31419620087829
297.03273586954 -269.191952921474 5.29656056506296
295.952426394579 -268.680760583957 5.27978788584668
294.756550812621 -268.106655598733 5.25177553852694
293.670234560959 -267.577389538975 5.22890038039836
292.475249441349 -266.984818822975 5.20386430717312
291.388767979248 -266.438063331495 5.18668795158919
290.303631407238 -265.880935476251 5.17512713857201
289.112703711508 -265.253742892375 5.16141285239932
288.02887908047 -264.667022945658 5.13805583672365
286.944355718066 -264.066654773983 5.11481439367335
285.757599699512 -263.397061839841 5.09288262414097
284.678953815984 -262.783348206224 5.08227444324472
283.492500113169 -262.094837653183 5.07124914252715
282.412661605809 -261.46181498674 5.05486982581052
281.339188410679 -260.816753523114 5.03274716143364
280.165174206123 -260.097280177726 5.00743260305808
279.10370991855 -259.43962459548 4.98088796905611
278.041073834859 -258.778085507252 4.95429505134683
276.870005295514 -258.055067531374 4.93986080166601
275.800020843723 -257.390386160626 4.91943509152342
274.617184836929 -256.652598273751 4.8804118088052
273.54243099792 -255.975818512353 4.85196786703874
272.466113669957 -255.293742595324 4.82374591342767
271.284391378736 -254.535457677229 4.79657473018885
270.20701130857 -253.850169880721 4.77397479255697
269.126501334845 -253.163107649191 4.748157325535
267.926300549552 -252.405239748967 4.71088546985744
266.83060757505 -251.713550758788 4.67631803512352
265.62133197045 -250.944787498496 4.63799627301265
264.520128911903 -250.238069568091 4.59696970188462
263.419686223567 -249.527127519325 4.55339594904028
262.209738134798 -248.741709144069 4.50548034546783
261.107754660521 -248.028440829252 4.46673259901451
260.003858214348 -247.317214150797 4.4340068912492
258.788106629537 -246.532978529975 4.40223781322074
257.680340223934 -245.820208929041 4.37031113675955
256.569549390555 -245.105299374933 4.33845076182386
255.3421882446 -244.318452636131 4.31203372280327
254.226572248785 -243.601352934887 4.29179412061711
252.994909384781 -242.811570827798 4.27109162634086
251.867875338592 -242.088321350388 4.24464000136473
250.740895780549 -241.358509378668 4.21976983358108
249.500526154645 -240.550811028808 4.19467086309583
248.366824686498 -239.813665654334 4.16772871249315
247.225761886202 -239.068573523456 4.13546046784991
245.96555258509 -238.24886925446 4.09936827475139
244.81418270518 -237.493500506465 4.05585915813242
243.54648493342 -236.666877395255 4.01227913252575
242.389677778261 -235.907691731498 3.9584211199449
241.231160948828 -235.14613163865 3.90531465572225
239.957745844261 -234.304149089233 3.85051993094127
238.798629685047 -233.540160026665 3.8063008098624
237.633782948074 -232.772210132191 3.7616503024206
236.346174670461 -231.921852450314 3.70584663368642
235.174623946905 -231.150783891293 3.65932526642168
233.882023907146 -230.287890883522 3.60664557238073
232.710121039447 -229.499088135943 3.56378877086454
231.535439360589 -228.701138682199 3.5128600689878
230.247222141932 -227.833457138022 3.46101628194196
229.073792068558 -227.039580702108 3.41403383874436
227.903404189051 -226.247414611657 3.37369036187315
226.615285813803 -225.368675930679 3.33204336849328
225.445440130503 -224.568693222642 3.30164041211097
224.277908538316 -223.766672143212 3.26685235071829
222.99441844501 -222.883691768985 3.22359285697997
221.82763696253 -222.08264096333 3.18611009509082
220.541707549294 -221.199286867814 3.14503484544091
219.374222675176 -220.396204230347 3.10464873771792
218.205556470119 -219.5910874437 3.06204618482462
216.917438167145 -218.70586189668 3.02219602827204
215.748309922678 -217.905101635113 2.99753161366162
214.585508845212 -217.109218036445 2.96993475148207
213.304838679114 -216.235379843311 2.94047045090073
212.138814872408 -215.442527217904 2.91079637100528
210.856236671402 -214.569618929132 2.87477615530166
209.687755192788 -213.780551666876 2.83661149900556
208.517822466457 -212.995617660514 2.79949931002042
207.228783043079 -212.134258549895 2.76731370271492
206.056384137815 -211.358282754669 2.7376011392483
204.882559002393 -210.585519547569 2.71164366602574
203.586087589651 -209.733419668446 2.66821585548131
202.40592115798 -208.966538005359 2.62804488877207
201.105287914195 -208.125248525958 2.58371393209337
199.923229873638 -207.369368503526 2.54451696058451
198.742001938055 -206.617403934364 2.5107252659813
197.441135869087 -205.795916654123 2.46611418860689
196.254106898161 -205.05166669557 2.42979278000273
195.065874837519 -204.31334839642 2.39740206187567
193.756250797239 -203.512858017903 2.35281042619604
192.558076130414 -202.794502691328 2.314682702067
191.357204795412 -202.081069371825 2.29253366207346
190.028987423003 -201.303936001533 2.26309484647355
188.819031679912 -200.605612547577 2.23905312386707
187.480564927289 -199.845689705136 2.21153882157505
186.266544147201 -199.171137345547 2.18430480693236
185.046046552757 -198.500786444297 2.1529173210345
183.698555282959 -197.765575934296 2.12306486939302
182.467233112969 -197.10199671648 2.0950429197417
181.23555142671 -196.444469085385 2.06625602041868
179.890356315155 -195.736437530445 2.04434224948531
178.662097633817 -195.09452028619 2.02052320368143
177.308446264378 -194.397098452167 2.00006047678521
176.071709336504 -193.765506280724 1.98411420936072
174.834034041311 -193.14731957136 1.97043072702466
173.465038046153 -192.468186555345 1.9543745168504
172.221333642316 -191.861385664428 1.94525590950889
170.976006077481 -191.250903464536 1.92961779291346
169.60825730352 -190.591326707017 1.92078905777195
168.358016235099 -189.989983803529 1.91044694866203
166.982704022441 -189.324936869325 1.88875846351348
165.726121981654 -188.722220536207 1.86605329700351
164.465878799958 -188.123993638091 1.84368553521847
163.082401139289 -187.477694181449 1.82887322639145
161.818141333421 -186.889009831692 1.81064203530415
160.55392618402 -186.303000300772 1.78203551809592
159.161032793242 -185.65475766321 1.74974108556378
157.894482620122 -185.068150260216 1.72437742188686
156.49973138229 -184.419972583999 1.69562357613765
155.231973706371 -183.834684170904 1.67030951367014
153.963634252035 -183.247902457593 1.64282460756684
152.567447567047 -182.6057689451 1.6160106146129
151.297810302999 -182.022063122395 1.59401327101389
150.029360269881 -181.438730996199 1.57076999056285
148.635393290577 -180.802532405999 1.54727778018641
147.369072635876 -180.228412093289 1.52946975396083
145.975590591129 -179.604196264669 1.51642782125895
144.705285679355 -179.036342694344 1.50079784920425
143.432722038367 -178.473273756197 1.48678601640231
142.031651099336 -177.851538264053 1.47243784774633
140.750718745507 -177.282307651419 1.45516001372649
139.470880753367 -176.711330262349 1.43745420971566
138.064359993627 -176.080155887737 1.42181031448601
136.794971702043 -175.509921232958 1.41256265224678
135.40797501921 -174.883395088855 1.42033721260516
134.145992564164 -174.308981455753 1.42314195984776
132.886008126006 -173.728515774955 1.41951271699334
131.510144733338 -173.081949142299 1.42398716320316
130.263521787476 -172.483566428253 1.41880250874686
129.026135478418 -171.877921851118 1.41353686638803
127.670471883207 -171.196788378753 1.39329933799409
126.445966967963 -170.568577236843 1.38247330332051
125.104647691066 -169.861670023987 1.35986880751886
123.895364077291 -169.206088503338 1.32953442072408
122.695394568431 -168.536031372588 1.297592860214
121.384821422616 -167.784486576115 1.25412505785176
120.199484102865 -167.083728898818 1.21280046660405
119.023057972105 -166.370669959478 1.1703965074489
117.742934345743 -165.573558568291 1.1280690457309
116.581929667888 -164.831685171298 1.08866265541521
115.312427884455 -164.002098240194 1.04022256787768
114.168860376537 -163.236174056632 0.994594027800254
113.031949621918 -162.453613102684 0.93733183083469
111.798874005497 -161.57946466326 0.879802584182512
110.687364229358 -160.772016597825 0.830680677402062
109.589448705643 -159.960132087375 0.791138654466261
108.391093920369 -159.057165837306 0.750544783136963
107.30581323462 -158.228906578068 0.717646935785881
106.224477138287 -157.394909911811 0.684773213214216
105.041566119402 -156.469363770378 0.640434132828176
103.970610161118 -155.62018642407 0.604369486792758
102.797941876641 -154.67881568243 0.568644460070334
101.735188072434 -153.811494189359 0.53112810007145
100.674988713453 -152.931780448896 0.492188264158612
99.5143690016059 -151.961868247664 0.451156037805809
98.4619791371771 -151.075016860697 0.416993923109468
97.4138505452835 -150.185209890425 0.381824121753672
96.2666610001148 -149.197090882751 0.348175112619863
95.2237932865786 -148.293015715855 0.317469846680201
94.0881421530633 -147.287269366759 0.277778791621597
93.0605608124607 -146.36533920324 0.237793869257638
92.0374087936864 -145.437315795848 0.199074197240294
90.9223730770671 -144.413110275851 0.16715015675606
89.9121581343294 -143.471308034637 0.1362671292852
88.907756488815 -142.520988853373 0.105716770872601
87.8011376834795 -141.472457907899 0.0666900346769994
86.796454603304 -140.518399717322 0.0276829892412604
85.6906416566608 -139.465106669482 -0.0227851554556975
84.6866084129195 -138.507164712614 -0.0623546825792332
83.678949499058 -137.547731135771 -0.102551283013297
82.5625240140164 -136.486414313957 -0.159533235200103
81.5420820449766 -135.524996222364 -0.21608718113499
80.5222401367543 -134.561868396661 -0.272961172402959
79.4000246506512 -133.498056115908 -0.325009263843175
78.3830957060145 -132.536414201092 -0.363792321508323
77.3665956145554 -131.56648587777 -0.399550848187039
76.2437473976699 -130.503771196708 -0.44192125640383
75.223771690234 -129.535946824616 -0.48309481045849
74.1036484156668 -128.472548434058 -0.53270483744037
73.08666444576 -127.502178600189 -0.575994941883359
72.0647756112952 -126.53296832493 -0.616607618199585
70.940601466074 -125.463340517278 -0.660911528274414
69.917142065896 -124.490291672855 -0.702246733978415
68.8938765658806 -123.515875101185 -0.745069607325389
67.7693328844655 -122.442600452352 -0.795594837066076
66.7466744949052 -121.467355142238 -0.839289338753007
65.6233101834763 -120.388277745084 -0.884042109791224
64.6034326435943 -119.402589044569 -0.923588286944569
63.5856507015684 -118.413644475743 -0.965751171763032
62.4662635793782 -117.324766094315 -1.01437476989333
61.4497002697629 -116.331925097318 -1.05505587804694
60.4298501989326 -115.330548218153 -1.09923678550499
59.3072957754711 -114.21995185096 -1.15528726395857
58.2880150270503 -113.202919185648 -1.20995249580278
57.1618546572807 -112.076117144836 -1.2727586246525
56.146135394549 -111.0597366339 -1.31636090126204
55.1312227201207 -110.045221503781 -1.36658538993875
54.0107351448006 -108.932158050142 -1.41484035375003
52.9824617175727 -107.915738778351 -1.45923894150681
51.9473113908385 -106.894031765149 -1.50174162349586
50.8260886974284 -105.766311620561 -1.56318823679824
49.8161903705174 -104.749290905939 -1.62090602691011
48.7050249526069 -103.633638444559 -1.68382984036469
47.6893048250176 -102.620705483373 -1.72318034053443
46.6708558185924 -101.607256766142 -1.76098371777637
45.5541765931701 -100.49176265733 -1.81119528345383
44.5403392765228 -99.4774798303314 -1.860867713184
43.5263680300673 -98.4633220321058 -1.90874511523878
42.4072631980119 -97.3400328892563 -1.96140485001095
41.3876915871436 -96.315169570842 -2.01333435980614
40.3660907075642 -95.2893726444623 -2.07352758540702
39.2459637022614 -94.1681937388971 -2.13299087543395
38.2270406283255 -93.1520658734125 -2.18219028915561
37.1111063549521 -92.0459303045746 -2.22823533014728
36.0951662627765 -91.0386616289047 -2.28216401334802
35.0784522035457 -90.0325404909337 -2.33662684535111
33.9585371502319 -88.9233434874518 -2.40168590372872
32.9410510033101 -87.9159189638221 -2.4646925281812
31.9255257241811 -86.908585343781 -2.53088736120099
30.809881669539 -85.7973973124869 -2.60871478623988
29.7952989272832 -84.7939666133047 -2.66921824243701
28.6779500063158 -83.6903895827724 -2.73340586944398
27.6611021470218 -82.6900373101099 -2.78556649039732
26.6440066813754 -81.6880593234772 -2.8399889662173
25.5235916890098 -80.5906303287721 -2.89766241543575
24.5049991491011 -79.5905085678144 -2.95213076529153
23.4842057723932 -78.5953659463307 -3.00584686066035
22.3625910206887 -77.5025620168955 -3.06830988660488
21.3396125635481 -76.5106276967013 -3.12133369253948
20.2137530722452 -75.4194882443342 -3.17240132309708
19.1924587292488 -74.426089801064 -3.21976751698205
18.173165598035 -73.4332233447828 -3.27311889032622
17.0482991155692 -72.3173428992999 -3.3438314950536
16.0251934995063 -71.3221682582488 -3.39289833414463
14.9952147634319 -70.3145773726861 -3.4510453683022
13.8673587451014 -69.2149644418988 -3.51373207603343
12.8392035552946 -68.1946916880128 -3.57802558475814
11.7125395245226 -67.0845323998887 -3.63706908491585
10.6866212068695 -66.0704318161654 -3.69027352607576
9.66075456184909 -65.0668875608423 -3.73996554369224
8.532101714417 -63.9627342929822 -3.7986574156728
7.50412606046999 -62.9659962641289 -3.85118988303839
6.47860266027347 -61.9709303458285 -3.90157249712823
5.34886162796347 -60.8772081203953 -3.95498094108596
4.31454124977699 -59.8822418080275 -4.00836192553191
3.27605202043322 -58.8835959630398 -4.06839888036533
2.14017900743241 -57.791859513881 -4.12288438631461
1.10859834207969 -56.7979409323467 -4.17545939505905
-0.0239615893053996 -55.7174118651011 -4.22250850010462
-1.0553915643014 -54.7390672191411 -4.26001219154816
-2.08409154736551 -53.7604732389165 -4.29236849497721
-3.21455455063907 -52.6866353150418 -4.32720756708466
-4.23923062063512 -51.7137382921607 -4.35801510251123
-5.26322704820337 -50.7447658683381 -4.3846954113055
-6.3910356702684 -49.6823340769335 -4.40470948010451
-7.41876847429316 -48.7172856664208 -4.41356492019517
-8.5641287801847 -47.6441486625532 -4.43554159618838
-9.58197146001395 -46.6718907353934 -4.46725524973235
-10.5956917607523 -45.703982995192 -4.50165292119385
-11.6916180351372 -44.6539842449195 -4.53412235778696
-12.6828941107629 -43.7025064565239 -4.55753512140528
-13.6668195558651 -42.7621553287807 -4.56227243269642
-14.7380679662713 -41.7447939368807 -4.56506166882515
-15.7042453284948 -40.836675500651 -4.56723157061013
-16.7620340630817 -39.864509654095 -4.5665081431657
-17.7214475350528 -38.9958208188806 -4.5631379341318
-18.6748659790435 -38.138427210523 -4.56633967779036
-19.7118368364225 -37.2142995165511 -4.57874433135293
-20.6380702339093 -36.3838636981549 -4.58211774855556
-21.5547052310152 -35.5693862779076 -4.57895740573548
-22.5598457080357 -34.686040170945 -4.57622950318846
-23.4624343887754 -33.9201066901374 -4.57929897737337
-24.3511067041626 -33.1658658454472 -4.57801780410522
-25.3182395607396 -32.3431411505703 -4.57313923746374
-26.1744715456988 -31.6044275707987 -4.56308590724283
-27.0902822486093 -30.8131396314594 -4.5486076601752
-27.9012169902345 -30.1259401364113 -4.54412346634816
-28.6977824540684 -29.4606971450531 -4.53697573631167
-29.553970297425 -28.7562023691491 -4.5062456991995
-30.3076574220546 -28.1289667494396 -4.48002516308663
-31.1028378740414 -27.4617413319016 -4.45167857745948
-31.7943833810198 -26.8717945993597 -4.42721848704544
-32.4526600528733 -26.2923371932248 -4.41692287016831
-33.145069051346 -25.661223204687 -4.41565414310076
-33.7399819089642 -25.1007240932718 -4.41325183064572
-34.3058610170306 -24.5464443835738 -4.40892856130659
-34.8930011296476 -23.9471135789618 -4.40225573049265
-35.3978613949726 -23.4097299659778 -4.39511591405018
-35.9088112246535 -22.817846434705 -4.39559887274998
-36.3357909295221 -22.279721126096 -4.38973837482448
-36.7652778683553 -21.6960506053915 -4.38067958085118
-37.1217276880464 -21.1735298979194 -4.3662252189939
-37.4440528915893 -20.6585978556796 -4.34826352836498
-37.754791484315 -20.0924906697544 -4.32897286604963
-38.012140068019 -19.5692688939573 -4.31282203268577
-38.2649928748823 -18.9921481968605 -4.2898103686284
-38.4677088814109 -18.4641887014418 -4.26209965769453
-38.6376264840262 -17.9351482992954 -4.23479668292079
-38.7980265977027 -17.3505566063324 -4.21377823050928
-38.9005106630156 -16.824105425424 -4.18608815150684
-38.9769137810824 -16.2456600245736 -4.16338751514968
-39.0169629006396 -15.7192071131453 -4.15852290889625
-39.0349945475144 -15.1475610627448 -4.16005350484636
-39.0122652844698 -14.6438077584541 -4.14790921207921
-38.969217975903 -14.1381532989746 -4.1522097330089
-38.8863246831476 -13.5884945508311 -4.15905495712141
-38.7825150101725 -13.0945237317317 -4.1563518703429
-38.6423343316223 -12.5544971998309 -4.16952135966018
-38.4887206518229 -12.0690371949769 -4.17701530113007
-38.3104721990105 -11.588985752904 -4.18714012119799
-38.0766291084626 -11.0707979827835 -4.19575485983714
-37.8358695440186 -10.6091391587286 -4.19809419819988
-37.567218950262 -10.1525881660414 -4.20370813309625
-37.244759420413 -9.66269868773476 -4.20387046953585
-36.9180538375739 -9.22853129116569 -4.21129728102964
-36.5343354039729 -8.75934203741131 -4.2268981941049
-36.1570872594527 -8.34314457835132 -4.25357645834078
-35.7544465787142 -7.94475645053389 -4.27420045813468
-35.2799287221832 -7.52704926708157 -4.28656742810875
-34.8217559179426 -7.16592085407129 -4.29083459221296
-34.3402410351856 -6.82082548166943 -4.29182437906715
-33.7837427594835 -6.46092358909829 -4.29158822709707
-33.2563508735827 -6.15366618913199 -4.28905935368786
-32.6496755091333 -5.84012414097611 -4.2876098835397
-32.0776412184708 -5.57417427117043 -4.28154636783961
-31.4802306250645 -5.33154011989957 -4.26892341282089
-30.8074565794199 -5.08518922321007 -4.24830044873238
-30.1770112179451 -4.87850182318668 -4.2165569711703
-29.5370965250201 -4.68164828394695 -4.19069961279135
-28.8147201248686 -4.4836716964198 -4.14476738171399
-28.1446102806175 -4.32372919000131 -4.09715064487539
-27.4630877192671 -4.17308358492394 -4.05053293345383
-26.7007287072397 -4.01610895753316 -4.00305778534794
-25.9999689670832 -3.87711392502139 -3.96247114066144
-25.2161181870308 -3.73177414104092 -3.91900361799978
-24.4968026984724 -3.59901706761743 -3.87984253189038
-23.76766544344 -3.47106130189765 -3.83142624194633
-22.9579976154776 -3.32554250803124 -3.7918206221512
-22.2105394506728 -3.19796125774024 -3.75816985256597
-21.4530643896888 -3.07425038988823 -3.72625263558817
-20.609116058426 -2.94038918205521 -3.67995394266236
-19.8334901319043 -2.81193445448936 -3.64178254277035
-19.048428873481 -2.6834066131158 -3.60872745750148
-18.172859580603 -2.54586387132031 -3.57319811896918
-17.3680989556447 -2.41793354314501 -3.54191406242893
-16.4724266263869 -2.27735794795789 -3.50581488962525
-15.6535578881871 -2.14834287237293 -3.47634069327776
-14.8281810565198 -2.02633465390265 -3.43354186857786
-13.9268637101611 -1.89254679763306 -3.3897356199216
-13.1118645811258 -1.77957150212551 -3.344043631513
-12.3055916531751 -1.66391434560651 -3.30674473786506
-11.4255181100827 -1.53920997131918 -3.26279856365155
-10.6343799624333 -1.42547442942333 -3.22793840538502
-9.7718949281781 -1.30430881787857 -3.19213710470226
-8.9966227936063 -1.19018399896919 -3.17264690004233
-8.23041700285365 -1.07988350430766 -3.15741184934934
-7.3988282419628 -0.952730707363164 -3.14912833150036
-6.65412288195508 -0.826234043308751 -3.14552627850202
-5.92108216074767 -0.687577831398952 -3.15049866665581
-5.12212385041774 -0.54479848812778 -3.14313454514598
-4.40132187965515 -0.414428020975605 -3.12966329318225
-3.6197634676234 -0.269760658887942 -3.11286693609178
-2.91871631135555 -0.135085706986455 -3.10016048715877
-2.22821143673946 0.00147336428797418 -3.10172218331034
-1.47415589748541 0.155254293943214 -3.10446416758026
-0.793574749089913 0.289608446300138 -3.09819651317529
-0.120463460026383 0.423213676570866 -3.08530720808856
0.613659859589493 0.579949903208844 -3.07793408062876
1.27586723545529 0.731507405758322 -3.0935551251514
2.00062657141963 0.910417277839284 -3.1201498907585
2.66164513400853 1.07810171880529 -3.12964456973363
3.32481536970929 1.25484458061104 -3.13330601007658
4.05832561497531 1.45235102070532 -3.12941500858438
4.72259383157478 1.64882488337468 -3.12295489765533
5.38701090943331 1.84912911828727 -3.12331751469502
6.11683564584632 2.08132043759258 -3.13603786504627
6.78191998640417 2.29321404118852 -3.14565195130572
7.51678305254399 2.53080896720664 -3.14550926017142
8.18748364988336 2.75354109708835 -3.1435744632958
8.85674029091239 2.98820746886916 -3.14909705684417
9.59273081585642 3.25961227688413 -3.15386060562604
10.2660999459937 3.51023203917065 -3.15376368638897
