0 0 0
0.127258290505016 0.00611523110960089 -0.00311909286611471
0.286198272061521 0.0116875971175896 -0.00552709534772832
0.449966512230226 0.0133085579828942 -0.00729011059954694
0.627171654002544 0.00879426763889904 -0.00723168855850178
0.837874575999957 -0.00578817113106003 -0.00747427419836347
1.04290867536498 -0.0311475645132841 -0.00971422074964466
1.28327524781906 -0.0654173035545179 -0.0138350699044577
1.51440776151193 -0.104340442572392 -0.0167608108168911
1.77633376787915 -0.168234145556384 -0.00850163470947699
2.0185689488577 -0.251480703697426 0.00186339797056485
2.26786835553666 -0.34430496589492 0.00368769114252325
2.55074646205806 -0.461827547985333 0.00272095974750713
2.81106619790588 -0.590865622645996 0.00133242022584229
3.09920108024927 -0.758839367927942 -0.00122380067543096
3.35997219707705 -0.933981579463393 -0.00329858233468297
3.62009958652104 -1.13399289397156 -0.00951517219314052
3.90661868813073 -1.38344652277479 -0.0233676902260109
4.16742032791723 -1.6354455775839 -0.038179130111012
4.4542704791749 -1.94151503243814 -0.0546709406030682
4.70965321027241 -2.25055452892287 -0.068987039877056
4.95718062387359 -2.59097060602757 -0.084128308629508
5.22423854196984 -2.99829517544266 -0.0975773397446294
5.46216226226259 -3.39833482144902 -0.115403186860874
5.69324074805574 -3.82592777109781 -0.135578116615359
5.93556675845135 -4.33220572050903 -0.160401357954252
6.1462184899566 -4.82151552243138 -0.184457354422695
6.35193620927433 -5.3387357990159 -0.208404604942329
6.57224124352628 -5.9380363393357 -0.232344399254139
6.76642730503637 -6.50992010150755 -0.251288990219294
6.97847954501297 -7.16585218621931 -0.270447508981416
7.17373093155649 -7.78600232855589 -0.288560921873833
7.36938648511976 -8.42825913960622 -0.308831103753245
7.58185965783389 -9.15961113496074 -0.332941232717336
7.77300245233914 -9.84729382964864 -0.355861757105953
7.96161797784023 -10.5535091718888 -0.381815216181975
8.1650446806892 -11.3516684960513 -0.413692582879139
8.34599195356827 -12.0918407103892 -0.442558495069875
8.5231016277129 -12.8425539364544 -0.47410775594216
8.70823020901042 -13.6766889418856 -0.507370310192522
8.86756833718651 -14.4420650252352 -0.540425994723805
9.0326083908176 -15.2904317299682 -0.578977796604882
9.17229422465192 -16.0681795375902 -0.617193091651308
9.30100443548128 -16.853155946469 -0.653872611699157
9.42884224507051 -17.7233083414175 -0.692810649994024
9.53204968051978 -18.5222807045713 -0.728774817527396
9.61827844666861 -19.3271870274022 -0.764025299512114
9.68366561364073 -20.2198005522281 -0.801337733993682
9.71607290601832 -21.0362715109197 -0.83185978003888
9.71872209273023 -21.9385909503713 -0.864861886259484
9.69416761872946 -22.7614194441207 -0.894479802329983
9.64431950850572 -23.5854667868991 -0.923033239285397
9.55704171612527 -24.4913926766012 -0.95098120022364
9.44765738053803 -25.3127631511589 -0.973376984997517
9.29772356740626 -26.21350478522 -0.991910607659132
9.13536855644379 -27.0286749451261 -1.00250701078304
8.94519142720681 -27.8419383444485 -1.00642952154734
8.71150788964358 -28.7297071292624 -1.00670836931542
8.47945761142463 -29.5260706165138 -1.0074749342941
8.23110969865034 -30.3146961567106 -1.00592693941779
7.93844134323281 -31.1741991797017 -0.992540812613489
7.65171597203576 -31.9462221396495 -0.958746903265442
7.31272832127648 -32.7829681057017 -0.905360030709252
6.98808933651512 -33.5318324081694 -0.848982688849906
6.64588661726689 -34.2695321734712 -0.787921298147653
6.25038967391892 -35.0658428346695 -0.721591390099155
5.87853640191058 -35.7773776916113 -0.669115821882383
5.50164643660203 -36.4785866622599 -0.623177199282148
5.08084369190911 -37.2373812394533 -0.574536671548897
4.6969737746211 -37.9212814544161 -0.52943764338311
4.26877601401385 -38.6719595417854 -0.473593917267174
3.86198352859042 -39.3432015348875 -0.426002667088657
3.44483495270143 -40.0169100505126 -0.376505885778853
2.97468061509555 -40.7673650377655 -0.325669649460848
2.53635864359145 -41.45816141429 -0.280248303873187
2.08956062979385 -42.162502684366 -0.226500825007324
1.59480104584714 -42.9545420454129 -0.167262077008865
1.14464993792415 -43.693176047106 -0.11475754301896
0.691936718655449 -44.4479332432625 -0.0619190504107547
0.191954319272428 -45.2977871033092 -0.00220797949873019
-0.26431811658786 -46.090155635454 0.0536833537624248
-0.768571547858163 -46.9825336807233 0.1195559801039
-1.23415136084582 -47.8086267181213 0.180398174397167
-1.70721818224329 -48.6448098281525 0.241617426564034
-2.23695337080996 -49.5772450538725 0.307021579391153
-2.72594510232712 -50.4340857735071 0.365450690146336
-3.22020828228114 -51.3013442622094 0.425107753924115
-3.76901160701819 -52.2617047076717 0.49112662256849
-4.26887043920838 -53.1408482251358 0.552691594837909
-4.8187373257611 -54.1050442309837 0.621903313143595
-5.31706107810152 -54.9788154251882 0.685500505728734
-5.81390778470604 -55.8510621396834 0.749377665348247
-6.35861676118077 -56.8095313589592 0.820752656572621
-6.85153377664378 -57.6810895653307 0.883237947127088
-7.34112756367175 -58.5514154416542 0.942623840740867
-7.87638236561207 -59.5066024244633 1.00672580009857
-8.35934491445793 -60.3742843799718 1.06437276985758
-8.8856252708282 -61.3254322514087 1.12830196829715
-9.36181067518776 -62.1874971464779 1.18555105546681
-9.83881549453239 -63.0440716941006 1.24448343402762
-10.3680490114952 -63.9802610372165 1.31286893279206
-10.855684351851 -64.8208162986106 1.38071404808568
-11.392827478412 -65.7410903090345 1.44813030278251
-11.8840854287289 -66.5688284700076 1.50673279852575
-12.3788993846766 -67.3910092822561 1.56426100022175
-12.92334734808 -68.2885038432082 1.63043097992339
-13.422701677363 -69.0980671821112 1.69057178201045
-13.9247295906467 -69.9030443644575 1.75134147724919
-14.4810028404105 -70.7838615658392 1.820679428281
-14.9860679414184 -71.5806595413885 1.88410395500975
-15.5397760986169 -72.4508168150886 1.93784814635423
-16.0432799021834 -73.2363136543392 1.9723885328854
-16.5478844369684 -74.0160099752056 2.01294576885981
-17.1038185036642 -74.8727021341688 2.0647539594236
-17.6072006724713 -75.6455308227471 2.12135621205653
-18.1079172317273 -76.4204180317262 2.17448598662335
-18.6566396198686 -77.2713967690254 2.22810199542952
-19.1526463328498 -78.0454032577602 2.27886054922866
-19.689831515651 -78.8963493811582 2.32295381977706
-20.1767867883547 -79.6689687444331 2.35403458903926
-20.667127567902 -80.437117361568 2.39032553874231
-21.2051030651544 -81.2782898006166 2.43040104698808
-21.6903322524181 -82.0447585933515 2.45912820259248
-22.1722981868264 -82.8112091975517 2.49079620177241
-22.6952411970586 -83.6572621226988 2.5324226935345
-23.1585469004474 -84.4302126486877 2.55712347450539
-23.6541189813872 -85.2886340047831 2.58582877882212
-24.0978383498004 -86.0687942189523 2.61511606765949
-24.5289884663751 -86.8535613002161 2.6422294779099
-24.9902818072959 -87.7222281390027 2.665963771593
-25.4014986405333 -88.5138255651553 2.69181176127024
-25.7995781360625 -89.308533828581 2.72078383349225
-26.2246960448003 -90.1858086312488 2.74434161812847
-26.603284187889 -90.9863637894052 2.77145206624118
-27.0017645668063 -91.8743050814297 2.81994960730359
-27.3551296580436 -92.6838496051483 2.86460667898296
-27.6960842091565 -93.4947017494394 2.90301303522432
-28.057010528344 -94.3911885619209 2.94181125268601
-28.3772629146209 -95.2090853882585 2.97559875831453
-28.6943137099637 -96.028288568193 3.02093810183099
-29.039786404403 -96.9294051420243 3.07833254232139
-29.3514323299975 -97.7474656828101 3.12932750013395
-29.6891510325133 -98.6493485495653 3.18980525346061
-29.989049790378 -99.4711042290013 3.24792693410863
-30.2833380761568 -100.292817335285 3.30325179112841
-30.5953813050025 -101.199103419676 3.35393089459901
-30.8724868563721 -102.023691319888 3.39735810062446
-31.148360667212 -102.846112409649 3.44593908609848
-31.4495647027271 -103.750519646177 3.49789512977297
-31.7138004321509 -104.577288798508 3.54847341176359
-32.0019589020639 -105.487703502578 3.61200568887626
-32.2575455500789 -106.319890862174 3.6679029804231
-32.506502408798 -107.151046946801 3.7109424767954
-32.7708374919762 -108.068327958484 3.76378193604898
-33.007260658175 -108.90264933199 3.81280730446596
-33.2597312161218 -109.822986610227 3.87223178898003
-33.4877176752731 -110.659343088133 3.92583248691268
-33.7116894666872 -111.496500341247 3.97828731240462
-33.9456841853802 -112.419873811863 4.0340785739221
-34.1493450175808 -113.261567272464 4.08247064067495
-34.3455945007435 -114.10576869527 4.13185199862634
-34.5611085768601 -115.032875728843 4.18801638269639
-34.7539979529377 -115.876786258058 4.2383852740952
-34.9616411560547 -116.805119318976 4.29218087026559
-35.1508456222884 -117.649942404747 4.34270836453591
-35.3381790365649 -118.49451964925 4.39296018702008
-35.5342422296047 -119.423939038507 4.44963941989018
-35.7044522834818 -120.268875736308 4.49140525453307
-35.871607908778 -121.113024376648 4.53150346375481
-36.0501033532139 -122.042194413496 4.58442675581457
-36.2106697147633 -122.887292671032 4.63128335190659
-36.3917619904188 -123.815514246296 4.68340682285438
-36.5549855015899 -124.65753350286 4.7326401530651
-36.7163048292226 -125.496990357911 4.7767397310634
-36.8941814890961 -126.414712481006 4.81357442242921
-37.0538854944744 -127.246924504849 4.84806972829775
-37.2110364770667 -128.078228991668 4.88705124891364
-37.3834509579733 -128.989819450619 4.93829751163572
-37.5425573755337 -129.815886278783 4.98563346777834
-37.7154081642011 -130.720213652806 5.02643848236575
-37.8569958944238 -131.541043255443 5.06863081895633
-37.9992166810358 -132.356545704903 5.11184314129295
-38.1591787713665 -133.249195249921 5.16071322845709
-38.3057123224393 -134.053602822141 5.21047632140127
-38.4656692002914 -134.932363010429 5.26269060593403
-38.6126129735322 -135.730701051821 5.31462037252192
-38.7602382112141 -136.520787059085 5.36714977023101
-38.916064637238 -137.391482629532 5.42716664711712
-39.0524209616487 -138.176394455477 5.47085729305391
-39.1870605067697 -138.957723038682 5.51202858510861
-39.3279816513935 -139.811466563268 5.55529306052437
-39.4492579429265 -140.582757604818 5.59153578773611
-39.561854637503 -141.353627571585 5.64287386106964
-39.6795557152852 -142.196978064738 5.69751160501519
-39.7802853205836 -142.961448417179 5.7380837488557
-39.8766845506623 -143.797608116284 5.78044658405523
-39.9528993933114 -144.555883721472 5.82157160062963
-40.0209317958421 -145.305950761589 5.86355062891441
-40.083977619699 -146.127709238295 5.90940952777368
-40.1244040058421 -146.867797650897 5.94542965157236
-40.1577303277656 -147.605350335133 5.98494667887416
-40.1837484389629 -148.41578505628 6.04174408497014
-40.1945623081712 -149.152780797478 6.10289461624333
-40.1906919389913 -149.954597924365 6.16993721617869
-40.1778497652701 -150.677726221797 6.22141128295505
-40.1588259672849 -151.399390941511 6.26696577634778
-40.1289711997494 -152.192715083083 6.32091282653195
-40.1036814255079 -152.919245825578 6.3856592075651
-40.0764257511508 -153.715351369897 6.4648987156112
-40.0499755085429 -154.440530488571 6.52533016704519
-40.0255163752829 -155.163846615027 6.57752382268011
-40.0058101907871 -155.955817809008 6.64137285622036
-39.9838777369038 -156.680081599831 6.70317299696027
-39.9687832787971 -157.474990371667 6.76081650736935
-39.9573798751874 -158.1963754134 6.81931072046511
-39.9496839337086 -158.913993332318 6.88389054402617
-39.9463180004523 -159.695626288154 6.94057663608216
-39.945690886109 -160.405096747278 6.99234764760377
-39.9489725823129 -161.109564401065 7.04757116270568
-39.9580254440734 -161.878138558083 7.10904413381131
-39.9700627942618 -162.570539697263 7.1592197429679
-39.9834078420701 -163.334579373193 7.22379519136041
-39.9971517867291 -164.023673869682 7.28671542436524
-40.0058735227732 -164.706079937582 7.34589838377257
-40.014913008183 -165.449027930714 7.40472688919703
-40.0153700516172 -166.117233073023 7.45516650303167
-40.0042723759103 -166.779867924785 7.50406423498631
-39.9763115138912 -167.500785791936 7.56039515906751
-39.9435058263365 -168.150042642027 7.61393446410749
-39.90434314704 -168.795311447354 7.66400522652687
-39.8490033817641 -169.498019152526 7.71605345847664
-39.7867856637683 -170.128265996235 7.75872980135594
-39.70836465902 -170.8136936895 7.7974420590556
-39.6282680698298 -171.433755929796 7.82592304649287
-39.5378785096816 -172.038646688969 7.84804931111551
-39.4245940362905 -172.701402340189 7.87202860240416
-39.315046838141 -173.295830162478 7.89338071270874
-39.1999006051071 -173.891603769894 7.91661743871972
-39.0648802981211 -174.54167825492 7.93802361288214
-38.9286615507412 -175.122652569281 7.95183882960477
-38.772614157297 -175.756389290123 7.96372724954363
-38.6334952886398 -176.32884260916 7.9697177275777
-38.4925166862923 -176.902502541676 7.97948880917363
-38.3298736677185 -177.531681253423 7.99720601477047
-38.1688064605861 -178.106454668317 8.02664280434783
-38.005231166387 -178.680365877524 8.05954527073659
-37.8213606758141 -179.314438555868 8.09568995032786
-37.6568778086966 -179.890305170359 8.11247968786158
-37.4762507208277 -180.522715851893 8.12268201676006
-37.3140769532342 -181.096466527108 8.12817256187182
-37.1490008233196 -181.67278769318 8.13431748904853
-36.9622398918128 -182.308374476629 8.14964527392552
-36.7857496530722 -182.892838532864 8.16868406722926
-36.605707283179 -183.482578849366 8.1829663474738
-36.4041852941653 -184.133012412721 8.19233814110095
-36.2189847503075 -184.724713609951 8.20082458528146
-36.0116221456365 -185.372239801047 8.20630827926317
-35.8150518300352 -185.95994792158 8.20796659857885
-35.6057456310905 -186.54667397639 8.20858959539728
-35.3686042983704 -187.197485743335 8.2085649815359
-35.1408580478093 -187.794170294027 8.21501961603424
-34.9045477582215 -188.393352175846 8.22582483012444
-34.630289270433 -189.045270119647 8.23596738884225
-34.3760710857709 -189.636664009167 8.2391153235501
-34.0894012745864 -190.29709312919 8.24315234603356
-33.8199595396635 -190.899768908927 8.2426015338853
-33.5431309847706 -191.512656190822 8.24891567417333
-33.2375133954782 -192.199707141948 8.25204027051412
-32.9560082091653 -192.821614595915 8.24503765585515
-32.6689904456784 -193.44963212648 8.23997946144267
-32.3515708342288 -194.156449917506 8.23478401671636
-32.0661108121389 -194.812736097177 8.23286935266748
-31.7494688824344 -195.533598527457 8.23623653413206
-31.4604258822865 -196.191618426376 8.23583595992272
-31.1680609034087 -196.848866067909 8.23558797199396
-30.8450106939004 -197.575133450196 8.22591474314342
-30.5503565913403 -198.234865418026 8.21640113958468
-30.2288939026234 -198.959845635196 8.20696577782644
-29.9386327515985 -199.618646758255 8.19578724215536
-29.6515192066028 -200.277812250436 8.1764879743556
-29.3327365569156 -201.001810984571 8.16027977956372
-29.0410808561207 -201.658973888783 8.15505385305756
-28.7518978326349 -202.315991040824 8.15066145329363
-28.4316422264789 -203.037587584226 8.14475466300452
-28.1409685253088 -203.695181175235 8.13598479001186
-27.8300719439598 -204.420243161179 8.12512094533035
-27.55268632385 -205.081626733551 8.11840177757297
-27.2828500052576 -205.744114505894 8.11375423412483
-26.9904434430657 -206.478606337391 8.10800501684327
-26.7302145110328 -207.147341146868 8.10374007367293
-26.48125589726 -207.819434247918 8.10654202816264
-26.2226909400117 -208.564563496103 8.10906185003829
-25.9904143093035 -209.239085248766 8.1000940920702
-25.7364198936009 -209.9831631125 8.08138993124066
-25.5135627417458 -210.66363587618 8.06448721769827
-25.2878492675906 -211.35248126132 8.04502008071329
-25.0386405651049 -212.108394032591 8.01637786538743
-24.8100848216954 -212.798077712951 7.9892563829474
-24.5845671950689 -213.491720454476 7.97184268414945
-24.341966445413 -214.25933060939 7.95964925820813
-24.119361486196 -214.959095969888 7.94845825169814
-23.874174523433 -215.732564462177 7.93305742029428
-23.644751284927 -216.438492492845 7.91481434499038
-23.4092056922448 -217.144719383572 7.89936492157701
-23.1412047047659 -217.923906329973 7.87678306260501
-22.8949984866917 -218.630796645817 7.8513558105466
-22.6410317518217 -219.340969971406 7.82445680644777
-22.3547539656359 -220.123088232482 7.79366424693889
-22.08863614399 -220.834502832278 7.75199743637548
-21.7938132076105 -221.618241335558 7.71711246598393
-21.5211764886696 -222.332942274419 7.69605261660122
-21.2443610813407 -223.044890634497 7.67031200684271
-20.9361775533193 -223.831913857866 7.64292999280906
-20.655163754085 -224.547900332729 7.62344959928005
-20.372653119139 -225.261385693449 7.60344480262957
-20.0611440058782 -226.039605191669 7.57312995002397
-19.7770864072071 -226.74336538465 7.5412630686332
-19.4569031109158 -227.514459747041 7.50088796376421
-19.1586981372671 -228.214193517346 7.47037223793744
-18.8598242086285 -228.908984663236 7.43228597600813
-18.5318770241838 -229.669104483322 7.39375936165584
-18.2308271987492 -230.35704982958 7.3527129155449
-17.9218627880327 -231.045672310188 7.31348562622289
-17.5775278247255 -231.806185916885 7.28436733791392
-17.2657953295954 -232.500899935865 7.26928990515
-16.9528218971105 -233.198174367552 7.24850602129
-16.6025161107843 -233.963592270276 7.21948917173498
-16.2834211466983 -234.659049558408 7.18897408409983
-15.9341719646296 -235.420655558292 7.13751240820815
-15.6160748004501 -236.11343146789 7.08664048505969
-15.2910181601042 -236.803729818215 7.04075722014539
-14.9306054201147 -237.56002369966 6.99938279704616
-14.6007150609878 -238.244797339073 6.95683224241193
-14.2660195687818 -238.931897058461 6.92068132900647
-13.8925721578771 -239.690132616526 6.89049387888475
-13.5493878402101 -240.382011132768 6.86532597184267
-13.1696265427252 -241.142183762414 6.83222947622248
-12.8203488508454 -241.833974256241 6.79517293271586
-12.4689763776886 -242.528625967613 6.75937184840418
-12.0804425234262 -243.290655912557 6.706172115278
-11.7226964897711 -243.975133822115 6.65251953752639
-11.3676897422166 -244.658111095074 6.58726986831822
-10.9799830272221 -245.412527089408 6.51986600116092
-10.6241335149785 -246.10257981578 6.47750353042848
-10.2285909685686 -246.862847734379 6.44674780131923
-9.87225846579591 -247.554493049943 6.40843323967467
-9.51583387448711 -248.24685454819 6.36823563425627
-9.12101645989262 -249.01532169478 6.33195622006879
-8.76153795164576 -249.712164969205 6.30065966223601
-8.39913353066747 -250.406138462985 6.26230167082826
-7.99857150407275 -251.167671097428 6.21127976630598
-7.63309692645494 -251.859373427357 6.1645830223604
-7.22923910279553 -252.617684181365 6.10983377881403
-6.86283244854219 -253.308574072389 6.06132391383641
-6.49663753363644 -253.996827941039 6.00991797127249
-6.08647244280325 -254.753275114162 5.95971833110056
-5.71296042188281 -255.439131675675 5.90223192670403
-5.33676788964195 -256.122389672594 5.84537744097661
-4.91674674132907 -256.869573319553 5.77903977660746
-4.53447943274851 -257.549962930112 5.72484296750685
-4.11255538168878 -258.299377204217 5.66959964508862
-3.72147939468633 -258.97621363599 5.62605818607672
-3.32416039367913 -259.649269712861 5.58531128229229
-2.88151877380482 -260.383431114714 5.533372209339
-2.46330371651147 -261.043716333722 5.48885741486368
-2.03692555737907 -261.697842152392 5.44387205121095
-1.55532072068481 -262.411340487699 5.39861022158012
-1.10527077176727 -263.049628005432 5.34842409714004
-0.647823265127977 -263.680345346521 5.29347919400774
-0.136205558215071 -264.369847061296 5.23128456692031
0.336014503467821 -264.99152249772 5.17892553734495
0.860676299646865 -265.676428350833 5.12830821543793
1.33454806032324 -266.298980444446 5.0774246952125
1.79955141400562 -266.927657056048 5.02736993063535
2.29946254325403 -267.627263269303 4.97527312220731
2.74666775636281 -268.271894227891 4.93757787263903
3.23643015096751 -268.982647569266 4.89766020722749
3.66883318796676 -269.634739112273 4.85917599161426
4.08966406119247 -270.294604591013 4.81635733167919
4.54944609977516 -271.021120773857 4.77456644209253
4.96603405744179 -271.689735999127 4.73836646041013
5.41585098372273 -272.429032083121 4.69835972530551
5.82223172526522 -273.104588741333 4.66303503613452
6.22556312401835 -273.785914944435 4.62966715150204
6.66444513884543 -274.538268290433 4.58378450221109
7.05961147136613 -275.224444041042 4.53472859671605
7.45311323145545 -275.910508317749 4.48173995740325
7.88271420642623 -276.669728767153 4.42113487049815
8.27338264734436 -277.362911803496 4.36828984228579
8.70458560754357 -278.129541510845 4.32358386778688
9.09926145042289 -278.831366958057 4.29975981317049
9.49059016477897 -279.53652060192 4.26942670845804
9.92238307067101 -280.320571602089 4.23758653842112
10.3233068532803 -281.034400269058 4.21169857081558
10.7262676428681 -281.74800630276 4.18312664442631
11.1731561477482 -282.539446419367 4.14760620701877
11.585075928394 -283.25743414241 4.11734072107774
12.0474951154713 -284.049403999834 4.09040707657843
12.4681769606504 -284.766159082659 4.05810774930782
12.8892848038134 -285.487882882673 4.03015585364084
13.3549699761894 -286.284803681021 4.00903527786063
13.7856143129146 -287.009130663983 3.99255255851905
14.2269645401099 -287.732449904974 3.97254522490735
14.7255602404619 -288.523949300351 3.95412428521811
15.18756417581 -289.245941906925 3.93472260505366
15.6624706177664 -289.967637613361 3.90889727936577
16.1907030337313 -290.76236452108 3.87818696064189
16.6735278113835 -291.47830723208 3.8373009494867
17.2133553507272 -292.257888280429 3.78235805539252
17.6971815985436 -292.961205191339 3.72973695572631
18.189603598602 -293.663391915191 3.68606878425675
18.7382338408278 -294.435046770864 3.64476240478904
19.2459072792078 -295.136260687971 3.61718007321098
19.7474650517955 -295.852276456697 3.60368048651831
20.3155549129168 -296.635569374035 3.58677827145483
20.8361674305079 -297.3481585088 3.56306689887082
21.4302887146045 -298.119253466932 3.52712171439394
21.9903098632364 -298.876657534266 3.54742916911844
22.5682279458913 -299.646307601949 3.58400157397674
23.2065864799004 -300.49501612955 3.627571702886
23.7879188814393 -301.240534933048 3.6407013971999
24.3725289149258 -301.975894397986 3.63964832099129
25.0212894041527 -302.786492898375 3.6460017954071
25.6195388318115 -303.507317371338 3.64162279971898
26.289964876069 -304.296610968638 3.64221581476215
26.9071842054054 -305.002724317697 3.63135920557016
27.5275899589461 -305.710709578751 3.61259494298775
28.2114697427231 -306.468870010282 3.57993506758002
28.8414598734531 -307.159816794502 3.55801893738977
29.4671920382621 -307.844980873318 3.53533645333418
30.1607345711845 -308.596706793441 3.51734221617404
30.7950874617527 -309.268555912834 3.49539593139631
31.4956896962245 -310.00536171814 3.46844633473398
32.1347672785245 -310.66870289205 3.44456869937256
32.77913693202 -311.323755513579 3.41992674753172
33.4961461022779 -312.03451085184 3.38827246205619
34.14513695042 -312.676759195679 3.35519527018185
34.8024201850166 -313.312817934754 3.32358101700398
35.5211735847526 -314.007742906621 3.28744077350747
36.178321643141 -314.63486716144 3.26142424274856
36.9048807554982 -315.315478818783 3.22318159232856
37.5657048672909 -315.935241216686 3.19047295053172
38.2335917778839 -316.549075165437 3.16064541870738
38.9738969887105 -317.217293452544 3.1287990097259
39.6453424409685 -317.823583101882 3.08887257271385
40.3170137703428 -318.429701541267 3.05105430006204
41.0570462503849 -319.091487092345 3.01321091529002
41.7288265040608 -319.691236487819 2.96874998851792
42.4650760564023 -320.349471281893 2.91732878213319
43.1381230032521 -320.945759216335 2.88092293199445
43.8154047221055 -321.544314906374 2.84961625157701
44.562912603674 -322.207547302555 2.81192186233739
45.2436246881601 -322.813254746666 2.77337320502874
45.9909370858591 -323.483292375599 2.72692820844573
46.6697486686343 -324.095050925765 2.68069658475386
47.345830382399 -324.713394086505 2.63604212089156
48.086950061894 -325.403099807463 2.59259790922434
48.7599414570589 -326.036106952562 2.55889317921647
49.4285149906001 -326.676557538839 2.52577748749926
50.1617548327668 -327.390383063943 2.48617607933188
50.8258591502817 -328.046803051467 2.45086397891361
51.5532708865536 -328.774912327431 2.40967954885109
52.2075232974025 -329.441144837323 2.3583109807004
52.854293309586 -330.116005730136 2.30168862598124
53.5610545126679 -330.868792934486 2.24800936029076
54.2011159803927 -331.561881873656 2.2103543688242
54.838393400741 -332.26189659513 2.17700863825825
55.5366559316836 -333.037680354861 2.13801588145122
56.1677440629188 -333.750709023753 2.09829132652806
56.8620599054629 -334.539505138315 2.0527828027548
57.4950206137692 -335.260146291615 2.00924419835014
58.1219479275322 -335.986362844542 1.96491507982933
58.8094643248749 -336.791672338994 1.91704380526901
59.4336110292051 -337.52959742658 1.87175964597199
60.0562463826163 -338.270962622933 1.82428716149772
60.7364340356207 -339.094062234289 1.77579438686998
61.3539222568869 -339.844437281545 1.73063935149674
62.0298324399084 -340.672863826604 1.67932860070956
62.6416674199476 -341.428453965448 1.63440820131363
63.25231130953 -342.185208144237 1.59133847002827
63.9188744544515 -343.019676351207 1.54283658018685
64.5200086603566 -343.781065410019 1.49634441292326
65.118535159972 -344.544834737694 1.45228323662485
65.7742091354221 -345.38901068522 1.41273992809392
66.3681431764166 -346.161068218833 1.37591638514944
67.0190941071494 -347.010115296769 1.32357127845341
67.6096599364415 -347.780441475014 1.26894237366053
68.1957176985399 -348.551475361237 1.20881227043767
68.8408945925394 -349.400928919919 1.14780160729641
69.4261551255718 -350.175690530353 1.10292289225823
70.0111802079052 -350.952026085346 1.0664106056078
70.6509691898768 -351.809921858231 1.03107298991861
71.2324879637643 -352.590124816706 0.993484361437991
71.8142588682856 -353.370014465129 0.950554836662449
72.452948245189 -354.22736143334 0.900160648675732
73.0334443755125 -355.005081428317 0.850796447385678
73.6708582436516 -355.861322672594 0.794880102428889
74.2529295334607 -356.64030857379 0.746974338490111
74.833909773598 -357.421377413654 0.704039226457565
75.4729522919069 -358.278771844661 0.652602047208872
76.0522215333672 -359.057880793356 0.602649593770735
76.6325294660709 -359.836621258215 0.550583403688605
77.2702521786955 -360.694339138414 0.49774244284219
77.850507806714 -361.47305863772 0.452266411458026
78.486793022806 -362.327518144904 0.397512881328157
79.064157713305 -363.102155402926 0.347416318253769
79.6409149350847 -363.873889995788 0.296318768730647
80.2715187057701 -364.720445324004 0.239830490548846
80.8424177310371 -365.487602573221 0.185178371104148
81.4146690464402 -366.247756766971 0.128585331278909
82.0423284512385 -367.079259537024 0.0640017704308322
82.609522741394 -367.827319342566 0.00662346327043917
83.227490017348 -368.642949115622 -0.057057627538633
83.7848567434817 -369.374148950311 -0.116592006006011
84.3368131703359 -370.095298918542 -0.172807046319827
84.93742201755 -370.876169356041 -0.232695719693124
85.476412792155 -371.574295571516 -0.287194926064632
86.0107760355678 -372.259706564606 -0.342701063397173
86.5913992532033 -372.997295037672 -0.406841749168668
87.1091105591261 -373.654435815801 -0.470572204918614
87.6659345777111 -374.362101268197 -0.54680885539922
88.1614036445469 -374.9959327591 -0.61517540652998
88.6451519560203 -375.617252405688 -0.682707160695548
89.1643313246272 -376.291131439917 -0.754104029099055
89.6261871855302 -376.894752473237 -0.81779273096326
90.0800845449658 -377.492000282876 -0.8756719493353
90.5722630466109 -378.138869340649 -0.936985172053324
91.0136224851944 -378.715991863476 -0.991343105422193
91.4478872300147 -379.285792430706 -1.04680951457013
91.9154373477842 -379.903479899001 -1.10555777878368
92.3291819762022 -380.45906101524 -1.15489310006362
92.7700294953508 -381.064165867425 -1.2099171637675
93.1656078382096 -381.611533226698 -1.2631606064952
93.5556779166301 -382.160967521671 -1.31854664549795
93.9815004313043 -382.773875401368 -1.37761035168685
94.3663265318731 -383.339301038063 -1.42360950558867
94.7888574119976 -383.970943386275 -1.46912175736635
95.1660000760054 -384.552377435491 -1.51556763955395
95.5385022962313 -385.141988159435 -1.56567452023528
95.943009707621 -385.797451725612 -1.62788022702448
96.3063846908698 -386.401104864305 -1.69089192648224
96.6622037574498 -387.011092569272 -1.75517387942919
97.0476605355366 -387.69202762533 -1.8290704127401
97.3968764653976 -388.318356184438 -1.89420115390855
97.7823117455797 -389.016122275319 -1.96099126571294
98.1333204290569 -389.660824219225 -2.01499505861801
98.490402168383 -390.311051015849 -2.07325955266253
98.8841767974113 -391.033564314622 -2.14702201565843
99.2378045612938 -391.694645075143 -2.23248671156559
99.5896378893283 -392.362422796513 -2.33228881839715
99.9753557186447 -393.103373576722 -2.44339489330795
100.321812988512 -393.785717521819 -2.54155704489712
100.697849360049 -394.543036318183 -2.65157124951408
101.031322690928 -395.233924573664 -2.75304016121032
101.3589650939 -395.920659431612 -2.85751953259612
101.715764024161 -396.671769614817 -2.98269230997688
102.035347122641 -397.353131227003 -3.09476857754614
102.350712330623 -398.031435541935 -3.20468832512313
102.688904541999 -398.773355391892 -3.32183109146594
102.987245380694 -399.445371434549 -3.42717505153069
103.301868214394 -400.181121437402 -3.5389868425737
103.581235478896 -400.845296466072 -3.63805159170146
103.849173334665 -401.502862822887 -3.73662720687174
104.129461386187 -402.218387101058 -3.84480827013884
104.375996072924 -402.864291957895 -3.94321090460736
104.619092247656 -403.507520598538 -4.04577240380277
104.879366717973 -404.219325018602 -4.15435020604211
105.103283428811 -404.870234948419 -4.24467894414663
105.330085103148 -405.588197441575 -4.33690795539235
105.5210982948 -406.245958956435 -4.41709256828584
105.697240955543 -406.912841534947 -4.49482703818918
105.875518945112 -407.65836090746 -4.57332865569957
106.022992240629 -408.347909418078 -4.64015170178887
106.172033592315 -409.115982749065 -4.71340017750214
106.297099475947 -409.823995565787 -4.77479805097242
106.413743174135 -410.538316259266 -4.83413343754079
106.527353971943 -411.328577598258 -4.90171022507171
106.622930204687 -412.051625969515 -4.96944300939087
106.716647093322 -412.780276885593 -5.04132550836008
106.815669151047 -413.587249575436 -5.12707123586721
106.897902617521 -414.324729338244 -5.20760849347299
106.980681352757 -415.134200174946 -5.29705962670974
107.060339967446 -415.862883297936 -5.38236456620008
107.135024828638 -416.593135459764 -5.47781709243138
107.204132662394 -417.4043899704 -5.58407763411204
107.272220736047 -418.151573884971 -5.65844523574546
107.342231889429 -418.906387275643 -5.71243180506411
107.410749369743 -419.733897366712 -5.77234611526215
107.471903680189 -420.474979888331 -5.83934828710613
107.542103438205 -421.281697206877 -5.92214737595625
107.601639060002 -422.013216096231 -5.99566919132693
107.66516801102 -422.746371607175 -6.0402637081909
107.748892161515 -423.548105347849 -6.05901468205592
107.824248410483 -424.26506224101 -6.0783540271517
107.893477286178 -424.970516919657 -6.11133754501796
107.967468855688 -425.734045041921 -6.15828164403481
108.0392103237 -426.421522914709 -6.19472868927642
108.122596763409 -427.171170372842 -6.22555351463999
108.201194540852 -427.843767517127 -6.254266854029
108.280058433677 -428.505462357342 -6.28371896787664
108.370308807338 -429.22142598799 -6.30985212459351
108.450652817224 -429.86280604483 -6.33067771940651
108.530786637355 -430.498575200897 -6.34394000114438
108.615628099752 -431.193506591542 -6.35366179171992
108.681592080872 -431.820958734064 -6.36331669969758
108.73860049936 -432.502957923915 -6.37218088052836
108.776833642605 -433.107659828737 -6.37391639108086
108.808077542182 -433.689338859616 -6.3767817636378
108.828754672886 -434.310177516059 -6.37782946916779
108.840535401308 -434.853018921106 -6.38014277763824
108.840792695497 -435.429632441458 -6.38186426741408
108.83698258711 -435.930975994624 -6.38165328525435
108.821558686783 -436.41014733464 -6.37740921826576
108.79374705445 -436.907355460427 -6.37128964147513
108.758487319474 -437.332133206902 -6.36859491299496
108.720980501139 -437.733893492415 -6.3696562962585
108.681004885753 -438.148860911806 -6.37114855833112
108.639335874241 -438.510578633481 -6.37659812369932
108.586536830464 -438.889038918395 -6.37515118869337
108.536961844066 -439.214710970597 -6.36445021350053
108.482141333577 -439.523384243515 -6.34881949653529
108.424577555831 -439.842915132142 -6.3314303114792
108.381229109696 -440.117274261867 -6.31898517628234
108.346605831923 -440.373258392683 -6.30663551533764
108.30960717619 -440.634561992068 -6.29684000835249
108.276677303136 -440.85092473663 -6.29046973094451
108.239918916655 -441.063751096792 -6.28254118551412
108.208802495162 -441.234181304823 -6.272818153859
108.180740237169 -441.387698442274 -6.26352003118579
108.159006064968 -441.550050778195 -6.2638880307508
108.141362733537 -441.695713019511 -6.26329485797066
108.123274477434 -441.841417285895 -6.26110210993863
108.094243029595 -442.002007710383 -6.25381079664306
108.06905412353 -442.144600624492 -6.25007071041824
108.050708192601 -442.28647491276 -6.24798790515076
108.037513763836 -442.441758152473 -6.2463773867453
108.026978552731 -442.582397014017 -6.24427436121706
108.013114277069 -442.741291839745 -6.24341080586071
107.996994499345 -442.895866862204 -6.2409863658555
107.979771346185 -443.063567322656 -6.23870196266889
107.963995465344 -443.268215939781 -6.23856109444407
107.952385394689 -443.469659926015 -6.23921335228913
107.939308401998 -443.681551409333 -6.23410505014676
107.91669768949 -443.92652216241 -6.21810484584574
107.891406784662 -444.158869101157 -6.20286308750141
107.870112184247 -444.423690859099 -6.18973695660213
107.851965488627 -444.67231366649 -6.18428413362101
107.836706353105 -444.926915550757 -6.18115033557177
107.828238284937 -445.214074708274 -6.17103383991159
107.823676792938 -445.483004495715 -6.1616956901
107.824071789596 -445.762568273204 -6.15605103708336
107.834457300291 -446.084172740719 -6.15397437335267
107.853776737044 -446.388167429846 -6.1588797062244
107.883599907381 -446.701555882845 -6.16299455259023
107.915925266391 -447.057408503156 -6.15639688058237
107.952544436063 -447.393359774335 -6.14542686547554
108.005032727954 -447.77559919509 -6.13449511232887
108.065290078205 -448.135569432354 -6.1275233036235
108.138896411957 -448.507424551127 -6.12178059296637
108.233787432777 -448.931362650608 -6.11613688537879
108.344967794097 -449.326861591309 -6.11165675700134
108.490801162263 -449.727405196659 -6.10582973389801
108.672273010432 -450.184810050371 -6.0988987533546
108.842356168335 -450.618295173464 -6.09346171211782
109.048505594392 -451.109963559597 -6.08845557063406
109.243827976952 -451.572888991727 -6.08443406769768
109.455694135246 -452.048090913977 -6.08006281145916
109.683936048743 -452.590822731246 -6.07530089228204
109.88374393445 -453.097695605944 -6.07428858236054
110.106152888291 -453.615203000616 -6.07312684423508
110.370627908024 -454.194206702223 -6.07154008720049
110.633828395001 -454.729239590318 -6.06983985888164
110.939816642697 -455.329360831363 -6.06810952487004
111.228690834084 -455.897058426933 -6.05353889203158
111.528298988213 -456.478912201476 -6.03440570271426
111.873951671721 -457.131460302294 -6.00864843736267
112.204334157479 -457.731260888556 -5.99170980456413
112.54399338537 -458.342872870763 -5.97793661516116
112.936366149363 -459.022804992836 -5.96972886745164
113.299970323812 -459.654999582057 -5.96052829671768
113.715278441933 -460.358968529936 -5.95433914075005
114.098552076159 -461.013234462886 -5.94698209741379
114.493460932542 -461.677091041729 -5.94356866426244
114.937457475904 -462.419226968669 -5.9377761802959
115.352588267429 -463.103210673863 -5.93217177779871
115.774370662652 -463.794904336167 -5.92556329804188
116.244823363527 -464.565233213241 -5.91542865225888
116.679872429749 -465.272282899131 -5.90615433630783
117.166285307847 -466.058407778182 -5.89431464887917
117.617929834845 -466.780327754057 -5.88440113427941
118.075557036319 -467.512683561386 -5.87526102207547
118.589097048043 -468.326290463002 -5.86546124451596
119.063218336601 -469.074807451645 -5.85092172704496
119.54424298026 -469.833381012889 -5.83392835732955
120.077500820678 -470.679102886816 -5.8138991629388
120.567051962555 -471.458547131484 -5.80341749414357
121.109794732965 -472.326025896444 -5.79245256289246
121.611376899958 -473.122236479386 -5.77934135761386
122.119742964673 -473.926764687341 -5.76648721749479
122.686716851077 -474.82299718026 -5.75144344466908
123.209897078367 -475.646073573467 -5.73666344528818
123.737602826447 -476.47719428249 -5.72437872632132
124.326117791277 -477.40061813199 -5.7104677908001
124.866868334469 -478.249200501809 -5.69646291243143
125.464463024346 -479.184150004928 -5.66575088668347
126.018924344243 -480.022008704749 -5.65003023252977
126.575865121818 -480.87359046108 -5.63707528860927
127.189333442405 -481.816849644919 -5.62359186721662
127.750065740414 -482.684950661364 -5.60588527351592
128.363494418808 -483.647213496862 -5.58394267925293
128.914182990422 -484.530867261368 -5.56630647344539
129.456507247616 -485.417503866537 -5.55288277676567
130.037758598306 -486.405163262524 -5.53614361009209
130.552619708357 -487.31916500793 -5.5155506432907
131.052102514877 -488.240220089689 -5.49902696054503
131.582610118114 -489.271913048115 -5.48230068364837
132.048180368199 -490.217174452546 -5.46691025695645
132.545878810785 -491.274385452681 -5.43436271230151
132.990219680413 -492.242443042297 -5.38357635947971
133.407524034501 -493.226339035535 -5.33743465784926
133.841435791517 -494.318071628826 -5.29106474555608
134.210141965549 -495.322251599787 -5.25257036731136
134.586232363278 -496.437799180946 -5.20242406544001
134.894586493445 -497.461156747128 -5.15325041684653
135.172075127898 -498.493624070404 -5.10216598004188
135.438192187134 -499.639661086234 -5.03771694653256
135.649504115175 -500.69161428709 -4.96853729643119
135.843013963667 -501.856710170371 -4.88690820801329
135.989806646602 -502.922768388452 -4.80642716620724
136.108116086571 -503.993552602813 -4.71607816163785
136.205439943645 -505.184975786158 -4.61202268176685
136.26881452895 -506.273197496981 -4.51808686765938
136.311798869312 -507.362288959814 -4.42389561576034
136.331522632835 -508.564769901902 -4.31573017540129
136.325044313235 -509.661256736037 -4.2118900525014
136.296899579224 -510.757950111018 -4.1095298763969
136.249453821289 -511.974960866016 -4.00930684134152
136.199729683939 -513.080960078689 -3.91938376701188
136.14124694824 -514.299222644759 -3.81137844998991
136.084266515831 -515.405722917527 -3.71019721375557
136.021541393534 -516.519784456464 -3.61197504775772
135.946583520105 -517.749618844795 -3.50203083282229
135.872473065981 -518.878611227337 -3.40036700353193
135.793885025135 -520.014445227233 -3.2927452069629
135.704430931296 -521.275337028718 -3.17091068233032
135.618847312339 -522.430022833683 -3.06349022573763
135.532726771731 -523.591087787797 -2.96048649484382
135.434107348991 -524.875684000362 -2.8492718981083
135.342025709658 -526.05065212178 -2.74080701807141
135.239622035306 -527.352624082026 -2.61308264016227
135.146537830229 -528.543043179058 -2.49581095954019
135.054248365095 -529.74112027958 -2.37945080046946
134.953419666784 -531.066678295104 -2.25201772126221
134.859329392429 -532.280942245511 -2.13279687000307
134.76310194081 -533.502303066089 -2.01185065642787
134.648689519146 -534.852614851428 -1.88379731439867
134.541194046373 -536.087641391062 -1.76358916816292
134.420700676581 -537.455334630887 -1.62947916643768
134.306293083608 -538.705299825752 -1.50536873929796
134.187351118263 -539.962250149953 -1.38290613043862
134.040651884982 -541.374209375544 -1.26714758104738
133.903257078815 -542.664543823334 -1.16330885169564
133.759359276657 -543.964992057936 -1.06206615928598
133.599475269194 -545.394922599121 -0.939102726238405
133.445296873549 -546.70635679253 -0.828292130382994
133.289513316509 -548.019784349811 -0.713341360916466
133.113443924357 -549.472150428688 -0.580929793766839
132.950282133191 -550.795337104187 -0.446754402409831
132.7643432189 -552.259577954257 -0.298095807020863
132.589226684136 -553.596214781716 -0.164596053115493
132.408731491389 -554.939324058748 -0.030723727509006
132.201773738876 -556.425066977217 0.11735029571241
132.008285233601 -557.781508481582 0.252648689184928
131.808044472643 -559.145786562768 0.389543203733489
131.58522913666 -560.652547012145 0.540149646195317
131.377392917953 -562.029886198993 0.678935169978658
131.147416997977 -563.552042014685 0.832902668200878
130.933149738955 -564.943164062952 0.9739921862259
130.716011903691 -566.340896048017 1.11451143505405
130.473340915185 -567.884693429762 1.27239883200014
130.251369151342 -569.294665488645 1.41127644260217
130.028235303219 -570.710592843659 1.55237947422726
129.780829739122 -572.275429028618 1.71016351133491
129.551174610161 -573.710771872416 1.85958223473927
129.298697120316 -575.284537167336 2.01585553218509
129.068468147776 -576.715127736172 2.15332725422302
128.838605889832 -578.147360725829 2.29574075454748
128.586180925951 -579.726910287943 2.45471891998191
128.362395436282 -581.167023454663 2.61289121518874
128.139879283001 -582.61249481734 2.77479337638443
127.895606700776 -584.20385027187 2.95544377976921
127.671075552452 -585.649970132419 3.11788300867487
127.446109358409 -587.097432807462 3.28163161563824
127.199013770419 -588.69106012364 3.46258098665299
126.975587587603 -590.138840710732 3.62032226125109
126.735835266839 -591.731586780171 3.79152691039715
126.518621579723 -593.178658610609 3.9472472006072
126.302551440401 -594.625921702674 4.09966923034414
126.062922156872 -596.217838407696 4.26592387511599
125.846242503418 -597.663732760178 4.4169080746097
125.632520131492 -599.108170257389 4.56628982469556
125.397272057995 -600.691515181905 4.7302627971538
125.180656138215 -602.129852967644 4.87928540854956
124.937175168608 -603.711440789023 5.03961056754943
124.713559183784 -605.146520098147 5.18281846395856
124.488707503429 -606.581720131402 5.32335983251424
124.246049206984 -608.161269789903 5.47868292645322
124.031507007133 -609.597510852551 5.62654676242992
123.817539468338 -611.032026361099 5.77652295800152
123.586111021272 -612.609327936764 5.93639368616061
123.37403503861 -614.045693498076 6.07791979704725
123.144484498456 -615.625072691818 6.23263307774785
122.930282040208 -617.060279311681 6.37556016925183
122.722158438662 -618.492732413106 6.5207194212915
122.491805697731 -620.068349319611 6.6770955044355
122.283365532979 -621.498866502923 6.82069554020117
122.074775646293 -622.928103836554 6.96616764703703
121.840833167535 -624.496568293266 7.12823418190703
121.632895886882 -625.916698253695 7.2723938279733
121.427264834662 -627.329283338147 7.41548016796918
121.210287727187 -628.875802759096 7.58202236426787
121.012019758141 -630.272719585294 7.73527198537291
120.797877547673 -631.799454709127 7.89836562614888
120.600145973956 -633.175269970238 8.04202277478185
120.406119787731 -634.547037144609 8.18215488440069
120.194037252426 -636.048574553819 8.33687966438449
120.003496483135 -637.405590573528 8.47505684099356
119.814279444301 -638.753943437249 8.61477010078166
119.605429378598 -640.221369396477 8.76758653365459
119.417998662751 -641.539905964747 8.90452009221018
119.233469033879 -642.835702951181 9.03661549373627
119.034851950624 -644.240161618625 9.18173377333941
118.855291461548 -645.487263819395 9.30690178803542
118.657236446149 -646.832307237202 9.43484458393232
118.477622692149 -648.027527326857 9.54840390353696
118.304934824124 -649.200259011193 9.66885114704092
118.117939962688 -650.458259578623 9.80595210671256
117.953079869904 -651.56860121697 9.92043595601374
117.79519586444 -652.64999759926 10.0290066305708
117.6285826535 -653.801977932583 10.1422597540241
117.480624800891 -654.816249545601 10.2448674137237
117.323666542128 -655.889927198571 10.3539026340026
117.197479393818 -656.83220825913 10.4487778083704
117.075619496848 -657.734043838212 10.5373743751761
116.946363638592 -658.682716796723 10.6280313643909
116.831886239936 -659.507661277868 10.7124607833568
116.721129864859 -660.289686900644 10.7918224705328
116.607395170361 -661.106768897801 10.8746290747825
116.509190532485 -661.813481371155 10.9437579472894
116.397893918485 -662.553093102234 11.0160633809005
116.295623593403 -663.189695635568 11.078478759139
116.17896051225 -663.796851570571 11.1353939624104
116.033948720203 -664.442180601643 11.1962120846461
115.890621976234 -665.020129906853 11.2539998594814
115.717968316913 -665.641204193431 11.3208778037757
115.537223506193 -666.191642921802 11.3816605917556
115.33609211907 -666.725831780042 11.4401115113941
115.089979246554 -667.296159560836 11.5073378940425
114.847085817857 -667.792542679696 11.5686313019603
114.547478991566 -668.310787245869 11.6320186173076
114.255355228657 -668.757257961917 11.6872157472747
113.897592802969 -669.209573565971 11.7382268715759
113.55668823917 -669.58883002437 11.7929049181284
113.189925709318 -669.940763493289 11.8520346325325
112.76842221046 -670.306426698801 11.9152615602777
112.364089896564 -670.615736637882 11.9709889443434
111.896902733132 -670.924044286456 12.0345635972955
111.44846107138 -671.171236247822 12.0962918894105
110.980629356297 -671.39050263368 12.1523083252426
110.446117932493 -671.604397200996 12.2006205196668
109.942134263706 -671.774378159463 12.2426777722227
109.371335691362 -671.925316854356 12.3009638840973
108.836209101321 -672.028370196256 12.3622953308825
108.286498192147 -672.108361655017 12.4325998137298
107.668997238954 -672.15171683939 12.502646756954
107.095667778194 -672.148086110984 12.5629491917699
106.458967104316 -672.108088772603 12.6317337400681
105.873995317581 -672.022549294181 12.6900475564472
105.282841029482 -671.889121493398 12.7486012864959
104.633975793159 -671.696866983309 12.8194916629057
104.042192033751 -671.476006893164 12.8832737650057
103.452986577856 -671.215503455021 12.9463487826722
102.808778228646 -670.884161931701 13.004766871859
102.226147226631 -670.553466897672 13.0562237059151
101.650718226457 -670.191208271922 13.1099917680646
101.021975868867 -669.757730111055 13.178949826825
100.459549520706 -669.334774014058 13.24131214509
99.8928375515277 -668.893751776562 13.3017704366774
99.2740349785433 -668.39177976966 13.3643801450431
98.715912653587 -667.916490909059 13.4198395381151
98.0952257409549 -667.36602483117 13.4687299009935
97.5293167192716 -666.85343674447 13.515846834671
96.9710278582431 -666.331219850694 13.5660611894169
96.366662716506 -665.733707605426 13.6111482790276
95.8242340064601 -665.168161504727 13.6491455240865
95.2908616197624 -664.586075526605 13.6826569945099
94.714409553516 -663.934528521719 13.7145669398056
94.2098283977811 -663.319025753634 13.7344230621318
93.6702449162837 -662.627398635859 13.7566938081444
93.1951847327492 -661.979409994516 13.7780258028493
92.7247126116512 -661.312974969867 13.7922858980759
92.226318210885 -660.565621646464 13.8068855984353
91.7914738944663 -659.870752914774 13.8140124714233
91.3613498748819 -659.168136284301 13.8215813226186
90.8874145246651 -658.374335329382 13.8257602999202
90.4543611231333 -657.645646513468 13.8280688578185
90.0157276562112 -656.912310275887 13.8277083326139
89.5301330748368 -656.098997778127 13.8202742788292
89.0905893118327 -655.352537264404 13.8062226246123
88.6023957178986 -654.520341044886 13.7908879563494
88.1557428747599 -653.758395674672 13.784349958784
87.6966040901747 -652.987634167138 13.790349994704
87.1876092880301 -652.137705002943 13.8094773485036
86.7082136911019 -651.363691581399 13.8242155947882
86.2215680064862 -650.587786907396 13.8397135006446
85.6881605063429 -649.723280837056 13.8625607526053
85.1945523557486 -648.925594542266 13.8887280776223
84.6454157413183 -648.040633141997 13.9234554580451
84.1411482864918 -647.223803258951 13.9507433996035
83.6343946665131 -646.401716603814 13.9805143462359
83.0695823123608 -645.493453299626 14.008018786555
82.5574496374198 -644.662938484526 14.0261976707646
82.0422520171138 -643.83704280943 14.0448842872527
81.47216260883 -642.932459327518 14.0643873246877
80.9512322701457 -642.114094034075 14.0839192961356
80.4201280399526 -641.298330523285 14.0997860607403
79.8350492813136 -640.402948085052 14.1129575224408
79.3043526136223 -639.599811116412 14.133572610407
78.7161494183898 -638.721122497903 14.1664112827613
78.1805572472742 -637.929406112309 14.1947384471772
77.6564423589537 -637.140995473599 14.20898049884
77.0785313954392 -636.281377684326 14.2258429463208
76.5574029944021 -635.514582250981 14.2531360020023
76.0284730055121 -634.750512557264 14.2763019698233
75.4512349940333 -633.912564399918 14.2852171603743
74.931773719788 -633.153244973656 14.2860195115306
74.3672494810934 -632.324417096232 14.2946657613876
73.859875944606 -631.581850865651 14.3110256443337
73.355678121717 -630.850656422639 14.3292784266453
72.8060520904746 -630.056128356145 14.3402900381412
72.3033276144147 -629.34133651747 14.3506076270847
71.8085259970757 -628.638582903208 14.3623935418106
71.2728506204498 -627.876612678433 14.372768247651
70.787342414113 -627.200634032779 14.3702720432875
70.2638940786677 -626.473641977992 14.3726265114911
69.7938108306718 -625.825259575354 14.3739244706894
69.3332111217563 -625.196030111798 14.3772837702013
68.8370879581631 -624.525857537023 14.3705972545268
68.4006544037179 -623.934876149764 14.373699393041
67.9808875506556 -623.359314114675 14.3857044199786
67.5360512949238 -622.749228643498 14.3965468077001
67.1417100482923 -622.217007461277 14.408686684956
66.720704813023 -621.659190984771 14.4199829847303
66.3571973499145 -621.173543113183 14.4280842096956
66.0061320876816 -620.7126022099 14.4399489059273
65.6426275522106 -620.231042081822 14.4469570736908
65.3363661883553 -619.820345351805 14.4572486740123
65.0457514060755 -619.435149364373 14.4672973565521
64.7474075677021 -619.038784825942 14.4702324778577
64.4913898763819 -618.706379431356 14.4697393376816
64.2327881354383 -618.362805523523 14.4644675543944
64.0261640656201 -618.070769547404 14.4618969034757
63.8338273076276 -617.799951443062 14.4667568062539
63.6360167064104 -617.531140079781 14.4611247464379
63.4691817874821 -617.308842602842 14.4595159179456
63.3234788876941 -617.102663122211 14.4526749934025
63.1724055976993 -616.893918597365 14.4574659283394
63.0423296639289 -616.724200312562 14.4586902683905
62.9157921753635 -616.555542779461 14.4486052958807
62.7801182438844 -616.376568114242 14.4360589552151
62.6581050384143 -616.217770940409 14.4335809789037
62.5259856219088 -616.042504916716 14.4231638994441
62.4044024524129 -615.884622778483 14.4168634403245
62.2843442611291 -615.730640705514 14.4150692304461
62.1545071425369 -615.560266574071 14.407612897403
62.0342996470394 -615.405154919501 14.3991958463643
61.91462418973 -615.252099876393 14.3921145757746
61.7839757603425 -615.08065165486 14.3901330610977
61.6708564467853 -614.928992199747 14.3912597267535
61.548767865779 -614.765147033389 14.3982317566503
61.4420970139832 -614.62365234846 14.4042699421805
61.3341981186812 -614.485964417947 14.4127449379323
61.215932908787 -614.334685986651 14.4147712761626
61.1139530194735 -614.199001775273 14.4221792744109
61.0156543324147 -614.066692384258 14.4298061204252
60.9125322867905 -613.928278713804 14.4318443061375
60.8199754927604 -613.811941860902 14.4290932197319
60.7220608844644 -613.690855958351 14.4338847213976
60.6370878992797 -613.58178350851 14.4412782916786
60.5559552490951 -613.473029993075 14.4474778422379
60.4660028581494 -613.352677826696 14.4493639404789
60.3818289366319 -613.249067467014 14.4513748538373
60.2945857291171 -613.140860731982 14.4473565710736
60.1988505568102 -613.025056406223 14.4430328862175
60.1163153123945 -612.924577758469 14.4453063226184
60.0374884963306 -612.826611753505 14.4508332929483
59.9514667526238 -612.719071458312 14.4584891365904
59.87243685884 -612.621175157993 14.4645332357589
59.7828744932697 -612.510825583073 14.4653117932272
59.6992511050855 -612.404853209144 14.4600969116341
59.6095397301488 -612.290852991015 14.4512105349047
59.5050496782044 -612.156459040899 14.4463281077898
59.3987031600924 -612.020637636673 14.442382861618
59.2773995256095 -611.866020970172 14.440885148162
59.1244165456229 -611.673491570385 14.4427653508984
58.9689214238421 -611.47715235667 14.4470888569271
58.7811743212286 -611.235856212074 14.4510424182681
58.5927817017727 -610.993682855647 14.4465107510246
58.3847284015112 -610.734651497938 14.4352363395202
58.1362539938848 -610.429458267612 14.4346596696214
57.8966965977002 -610.136637155009 14.4402442741783
57.638505107921 -609.820075869824 14.4314799327057
57.3385691486979 -609.461160500358 14.4319116082266
57.0453437946874 -609.121402893779 14.4379639269601
56.7367762764499 -608.770386958258 14.4394379380448
56.3741314024737 -608.370673795413 14.4377210283757
56.0276233107105 -607.989952022929 14.44288280064
55.6303245210542 -607.556444871443 14.4459057839804
55.2515126653062 -607.157260531979 14.4493886771991
54.849955736495 -606.753472240233 14.4522805785084
54.3902353629744 -606.295249316177 14.4574133677039
53.9607688339365 -605.87059858929 14.4645357065312
53.4654961937061 -605.390169440205 14.4703062611311
53.0030135708475 -604.94209324101 14.473221758735
52.5287060010691 -604.479765103884 14.4746734771668
51.9905068145966 -603.960189863388 14.4820015386266
51.4831609878522 -603.478423875986 14.4924292207783
50.9649317513652 -602.988399240356 14.4956335346052
50.3758633054584 -602.440348453897 14.5056068477604
49.8327407580902 -601.925256014189 14.5172696023052
49.2206566655074 -601.345928139516 14.543656793102
48.6471546431782 -600.814904913523 14.5770461048919
48.0625201635335 -600.277315438833 14.612193578509
47.4071898046381 -599.673539747891 14.649333118946
46.7996147596122 -599.113951537813 14.67509996479
46.1751294614611 -598.547823649782 14.7114529781675
45.4805719684001 -597.912727296786 14.7411211801314
44.8364797569836 -597.334034086878 14.7739357346131
44.1859991802443 -596.74816357971 14.8039410627788
43.4624661087828 -596.105119293926 14.846817378024
42.8001528218414 -595.52214243468 14.8780541012535
42.0693692359892 -594.884681009435 14.9117526957865
41.4079630672272 -594.303733163596 14.941980523135
40.7453240955172 -593.726644096978 14.9743102860446
40.0093862141722 -593.095376114137 15.0144765282942
39.3443780157712 -592.517424613679 15.0419456246633
38.6821621341121 -591.938001795637 15.0725749695639
37.955213836699 -591.297400193494 15.106324637144
37.2862870158529 -590.711066865338 15.1384332966408
36.5475143769888 -590.064362840923 15.1798747042167
35.872588338079 -589.47404622749 15.2098420693821
35.2006888619367 -588.879479733517 15.2416970486498
34.4595521541428 -588.221028504278 15.2777830422003
33.7871918023184 -587.617222137444 15.3124490642441
33.112678818647 -587.010464944929 15.346181525433
32.3686138098236 -586.339601750034 15.3890327775732
31.6957022655803 -585.726566101613 15.4236411473184
30.953386170065 -585.047665336241 15.4545386001874
30.278007330664 -584.426836577354 15.4883569946247
29.6020241287718 -583.805292932159 15.5263636126559
28.8556968450484 -583.115843566325 15.5769856570093
28.1735979466366 -582.488078175975 15.6190851911365
27.4896066978959 -581.85978041025 15.6571317837447
26.7335141388564 -581.164727753202 15.694526756908
26.0450765849017 -580.531950869466 15.737581185992
25.2855304190771 -579.834068140749 15.7863902926739
24.5929947066689 -579.201264810697 15.8262878059515
23.9021576909181 -578.570036354605 15.869968151026
23.143249824898 -577.879337527629 15.9218825183437
22.4505549642697 -577.256150179004 15.9797690639675
21.7584128235125 -576.637226663599 16.0353294666925
20.9967568245643 -575.956613612568 16.0896403368426
20.3061692189975 -575.339475371479 16.1284676579925
19.6156168610924 -574.726811033217 16.1661942893318
18.8564860435094 -574.057829536086 16.2080708772881
18.1709973917195 -573.453112989769 16.2512190968477
17.4192675643351 -572.792554233089 16.2938775395606
16.7366856718075 -572.198985018918 16.3374756174725
16.0559902547425 -571.60882525057 16.383270744119
15.3091452681245 -570.96375622002 16.4337756629557
14.6297360720351 -570.379133476412 16.4821118996624
13.9530429181708 -569.799875548776 16.5212446950138
13.213038243861 -569.170739168904 16.5664010371895
12.5439942279804 -568.598024331934 16.6087633800422
11.8144408053301 -567.966491396368 16.6534626803096
11.1584903130491 -567.391290034682 16.6991968659866
10.511251167622 -566.818269720505 16.7406292420049
9.80714774375389 -566.198181651631 16.7943769177021
9.1749123471353 -565.639006999659 16.843250857414
8.55049814765268 -565.087762895649 16.8914811064816
7.8732887732983 -564.4923986794 16.9422631193947
7.27404443120989 -563.961819365604 16.9802465013846
6.6347120338859 -563.394586866938 17.0339553462052
6.06858899227729 -562.88922353241 17.0854160975653
5.52062057129599 -562.392851823051 17.136524308851
4.94068861385311 -561.859059353715 17.1916638784515
4.43483167837521 -561.393810435096 17.2365084430644
3.94526433274589 -560.951255303211 17.2859598081594
3.43554987298936 -560.483204816374 17.3364479671103
2.99241676343859 -560.076066261828 17.3797352598904
2.56290031115662 -559.687003849575 17.428563684199
2.1103139437703 -559.277538949694 17.4823034988459
1.71883884866925 -558.918413078954 17.5346901188257
1.30147403682319 -558.541020382992 17.5934922744042
0.927939625607001 -558.210439763655 17.6357268324737
0.56443192203559 -557.887750363128 17.6797041366615
0.17572715545463 -557.539695361219 17.7263097134418
-0.167389060917289 -557.229564278819 17.7740119662377
-0.505878998344344 -556.925270266596 17.8183191226046
-0.867404354180646 -556.597918421905 17.8613262876553
-1.18882748869435 -556.307748651728 17.8946273370172
-1.53197591614267 -555.991369933452 17.9307300683792
-1.8375871131566 -555.710376588886 17.9623121228195
-2.13634354729815 -555.43524559914 17.9928857651354
-2.45795539275298 -555.138689171469 18.0253229731382
-2.74192059840146 -554.878899975239 18.0531449518756
-3.01701218038244 -554.628709543931 18.0850760760502
-3.3059034054513 -554.362697675165 18.122062635016
-3.55733587896811 -554.130769668396 18.1654609582192
-3.82941836696943 -553.884196322414 18.2035076970873
-4.06643852661349 -553.668770362661 18.2421701763818
-4.29395204305947 -553.456853522546 18.2774067755359
-4.53356812473945 -553.232088221858 18.3175263633294
-4.74649804985034 -553.033703169488 18.3457749447517
-4.95398056358751 -552.844982014131 18.3705395635015
-5.17440117099187 -552.65082206156 18.3971723311144
-5.36525133311545 -552.484933448445 18.4196959463736
-5.56096995650562 -552.314803853828 18.4507720237625
-5.72529730041061 -552.17040763788 18.4784191647543
-5.88009461167228 -552.029807664426 18.4996195948011
-6.04085595524854 -551.887328680611 18.5232681127552
-6.18174942093589 -551.7648089182 18.5457448640927
-6.31458588731351 -551.653456386602 18.5680109623241
-6.45419613797495 -551.539642333341 18.5885207189524
-6.57245676372532 -551.441701478276 18.6021607516017
-6.68296538904608 -551.349003015068 18.6154776712959
-6.79982572300746 -551.254885232602 18.6286763211388
-6.89837798861956 -551.175713423428 18.6402071072447
-6.99940413889843 -551.092625581989 18.652617339549
-7.08471903052689 -551.021965162186 18.6647995669341
-7.16380561455554 -550.958365079541 18.6782071171749
-7.24708025296543 -550.89341335718 18.6888127672468
-7.31886259317597 -550.837458192092 18.6997941270775
-7.38543300621608 -550.780847323738 18.7083064335827
-7.45131362382118 -550.720861350514 18.7185181561229
-7.5076881389053 -550.673812056228 18.727337346223
-7.56493189016239 -550.623809174682 18.7334108714897
-7.61387402098055 -550.578361675116 18.7329087672706
-7.65916280682632 -550.538836131605 18.7382684144123
-7.70439125502627 -550.498254419673 18.749774492311
-7.74454404423337 -550.463784112047 18.7576232731369
-7.78317812793521 -550.43187895233 18.7651006247764
-7.82155170333167 -550.399739293205 18.7707850040387
-7.85326744006105 -550.372663097233 18.7772100834835
-7.88408802669532 -550.346793560022 18.7837383130049
-7.91019867776663 -550.325461859392 18.7907943125131
-7.93347330686194 -550.307943532849 18.7967805946784
-7.95532704817948 -550.29181434442 18.8031669701103
-7.97164741298345 -550.28046880368 18.8065879009767
-7.9853591512141 -550.271376437927 18.8090051592515
-7.99819018609612 -550.26352455643 18.8113743136043
-8.00837860712717 -550.256809562675 18.8101580563128
-8.01925528204961 -550.249198832665 18.8069701519121
-8.02928139290627 -550.2424496857 18.8040016935243
-8.04243697203244 -550.226902009872 18.7957608948405
-8.05767551176618 -550.210541219892 18.788515057987
-8.07573609865148 -550.187287374411 18.7782277619022
-8.09628556095606 -550.164944459915 18.7716438409537
-8.12041546573717 -550.138006327494 18.766212094192
-8.14348237896617 -550.116148693549 18.7652334486385
-8.16803621446299 -550.094954049474 18.7656966872918
-8.19969907554999 -550.068514954766 18.7664328460616
-8.23130735510604 -550.042056329374 18.7680368535366
-8.27110225596897 -550.011050915469 18.770585321121
-8.30970152084425 -549.981234972875 18.7744736613727
-8.35257155913329 -549.946905843505 18.7824273045795
-8.4023745078244 -549.906520253695 18.7909149724451
-8.45194610569635 -549.864034709584 18.8017846725045
-8.5033893318604 -549.819778283849 18.8126821288905
-8.56535339965984 -549.768415610613 18.8281803830772
-8.62508200628764 -549.719057246108 18.8423528460231
-8.69499981765905 -549.660596775677 18.8607385260718
-8.76080292876533 -549.604696835601 18.8765789535472
-8.82908565251913 -549.546343882142 18.8929220487646
-8.91098558825543 -549.479971123812 18.9132472496281
-8.98706689956685 -549.418647242006 18.9289777177149
-9.06450674587413 -549.356625550829 18.949075399113
-9.15068376307518 -549.283524644424 18.9646688775201
-9.23250090947322 -549.213177666523 18.9816369459139
-9.31590440938635 -549.1427150903 18.9991314720549
-9.40698644569118 -549.063089658964 19.0214659288383
-9.48958038923826 -548.989034093139 19.0401895000243
-9.57971878736556 -548.910335757086 19.064803518049
-9.65947605520238 -548.843535905737 19.0889611566626
-9.73620797498839 -548.780351018455 19.1101079814899
-9.81877722581678 -548.714729072085 19.1311602970988
-9.88943297992172 -548.655993745075 19.1459106919187
-9.95661251459436 -548.600671510173 19.1636587738601
-10.0244800533329 -548.544925553874 19.1815866854361
-10.082458311816 -548.499319762583 19.2009527707284
-10.1390031375184 -548.453624838044 19.2150265594478
-10.1864249951913 -548.417974773449 19.227841598765
-10.2260265331812 -548.38842787121 19.2344352257491
-10.2617078954762 -548.36077336868 19.24248272764
-10.2831053335696 -548.342389966758 19.2506543157519
-10.2964997856608 -548.331245944431 19.256015688423
-10.3019485389142 -548.327215118362 19.2589184460855
-10.3005192403142 -548.331222642596 19.257883851582
-10.3041238300506 -548.33118446541 19.2598208781285
-10.3092881545975 -548.328412273169 19.2611491564629
-10.3142843953121 -548.326334989812 19.2619196770329
-10.316301141027 -548.327399207356 19.2648521940914
-10.3216646004577 -548.328890816238 19.2749620968138
-10.3254427948213 -548.330785103245 19.2819540201329
-10.3277996135431 -548.334244644829 19.2899617277694
-10.3285083964324 -548.336763262291 19.2937453380234
-10.3294984242138 -548.337490231516 19.2952382757601
-10.3306648535482 -548.338049024818 19.296385109997
-10.3309024830142 -548.340051502987 19.296997041261
-10.3320755093811 -548.340532300277 19.294534905675
-10.3334169796982 -548.340841386563 19.2923987208164
-10.3339540073334 -548.342201676965 19.2935462429584
-10.3352886121484 -548.342899120117 19.2919082838865
-10.3373780253723 -548.342468273295 19.2894583355006
