0 0 0
1.25666974389087 -0.00160802908346254 0.00837602201096457
2.64230509272456 -0.00134971577340086 0.0224605161460941
3.90452728416753 -0.00255166554341716 0.03089804650447
5.29709238755686 -0.00386297666140912 0.0422957369090357
6.56542252227965 -0.00559252365314344 0.0484736358443743
7.83688029261724 -0.00844213302255887 0.0537806255814169
9.23892426445778 -0.0105095025007829 0.0598740947047857
10.5158372395935 -0.0113553762526019 0.0633327211340114
11.9248120012043 -0.0133963784226458 0.0617072434399443
13.2090576216623 -0.0130364704044204 0.0613800367774722
14.496102164483 -0.0102837888772946 0.0681002217241923
15.9156336506771 -0.00767204355218066 0.079402542209077
17.2094971688492 -0.00783983159662974 0.0898538691021875
18.6355708274282 -0.0104200822770959 0.0998415021328395
19.9337752392563 -0.0140233496506507 0.102661349403681
21.3669876637065 -0.0129057960766066 0.112817187869489
22.6733410129561 -0.00979105730336183 0.127189053468718
23.9838670791029 -0.00523655014089353 0.13995884269405
25.4305486087854 -0.00375262871391022 0.157623140375935
26.7465962200965 -0.00672513760668772 0.164797951205375
28.1976198886167 -0.0121101846695899 0.176000707834947
29.5190072254673 -0.0156229225097714 0.184130248731603
30.9769006410156 -0.0184965646975246 0.196755377778915
32.3050310756892 -0.0196568572907378 0.208802290655704
33.6355706807624 -0.0220309776612743 0.220875118025152
35.1032468275555 -0.0255524975475359 0.2401617488607
36.440987325177 -0.028215502277772 0.261623487093226
37.915323582236 -0.0332957884210688 0.27728793666983
39.2566836748118 -0.0377832047548076 0.287741876344383
40.6008819112276 -0.0427033563421027 0.294046497259934
42.0832201181677 -0.0449220059807597 0.3097640817986
43.4337450863465 -0.0488271791289256 0.320718048455804
44.9219915678377 -0.0545438371880506 0.332879957645625
46.2780800891987 -0.059970084396631 0.341213220067554
47.7734250570126 -0.0647539638816567 0.352889577966368
49.1360913294492 -0.0662923237642109 0.364148606441324
50.5012698710139 -0.0669646562783552 0.373436661834285
52.0055978037666 -0.0662667306935643 0.382201686108618
53.3756217569115 -0.0650338402017947 0.389882813155224
54.8841261322487 -0.0609661353270519 0.401186111527305
56.2555474500938 -0.0575406105274369 0.409025822502857
57.6265231716696 -0.0539368546404348 0.41713504601817
59.1339006712778 -0.0505108510321241 0.423961275624642
60.5032841131143 -0.0465604017324369 0.43214361973937
62.0081404083267 -0.0421431063338006 0.441738652585954
63.3737695501828 -0.0371445462772806 0.452306640460416
64.7367391009365 -0.0348670897756836 0.459691316263284
66.2333922971751 -0.0317447148281719 0.468902381784875
67.5916817875137 -0.0290756036204189 0.476353198137891
69.08386831307 -0.0216537490034352 0.491445538034901
70.4378076224961 -0.0168023029011808 0.501066316311327
71.9234176558348 -0.011087914976666 0.509144435161113
73.271301978125 -0.00759344680456077 0.51293345186747
74.6167211219498 -0.00542488689754188 0.516368545450461
76.0942099845938 -0.000316021537171226 0.527860297969254
77.4353455537949 0.000391171600374106 0.536378690794821
78.9068966954886 -0.00118852471654059 0.545536312523024
80.2414808275276 -0.00444907179881372 0.551330042127298
81.5732322376941 -0.00566515265593482 0.560898290591711
83.0365013037135 -0.00720835147780907 0.570270994629053
84.3661460496528 -0.00417400044279916 0.578960759612427
85.8244926979945 0.00257380484113144 0.588265556767897
87.1519289217341 0.0150405440650236 0.600276049364496
88.4757040123866 0.0232141608683914 0.609258140487634
89.9272425541545 0.0371525125027772 0.619039303248674
91.2418533514748 0.0494420310205441 0.624982419395328
92.6841596659646 0.0673484983913738 0.631447522068489
93.9916881583289 0.0835724658290432 0.637140343644464
95.4248711313432 0.107684516742012 0.645411053790262
96.724719773313 0.128052275365588 0.652708785793408
98.0226237057127 0.146952375295413 0.659947242410468
99.4476311206126 0.168869767366145 0.669606441601423
100.739483409314 0.181638306823766 0.676456086969378
102.157993381871 0.202000869436346 0.687664101980666
103.4450497666 0.218392777222122 0.693738002178681
104.730254567803 0.235994373641644 0.699792078536386
106.144197047636 0.246412195046579 0.704880021944755
107.434245681476 0.265654085053542 0.7199613691393
108.847565340253 0.285162789182003 0.735222612992211
110.131346762837 0.308720010060756 0.749756628898782
111.410545994993 0.329342385187332 0.759864817095807
112.814479951381 0.348254103822296 0.769391211394849
114.089239560965 0.355305798654047 0.774620478977423
115.492823553971 0.361821732648118 0.783503309984281
116.770519177328 0.365427052287719 0.792975909979231
118.177498100539 0.365667519912588 0.802165347349482
119.457611528735 0.363798545604991 0.805820180806267
120.746691002108 0.366169954245199 0.813024475170125
122.186469415706 0.38011404407387 0.835866611710117
123.489017752282 0.387712415771393 0.851616694643708
124.923881887746 0.39404499928226 0.869587101949257
126.223685984142 0.395551621488857 0.882472284274941
127.528221819815 0.40322593913381 0.909696488346665
128.956848284941 0.404883741862364 0.932704284330521
130.258901087379 0.408398027274084 0.957175008224506
131.68517922418 0.404379195566922 0.973341157372042
132.984163173961 0.400859826121878 0.990370817717195
134.280432889812 0.400422256405673 1.01423265181463
135.706410863342 0.401265426073624 1.03940444133423
137.001325533342 0.398713517369825 1.05560428680821
138.426664492527 0.397723236856431 1.07512641326342
139.721341567277 0.39661208124113 1.09065811220239
141.145920078509 0.398322226264683 1.11327063183568
142.439986589803 0.399339592724983 1.1277033916389
143.733972444797 0.401801732567792 1.14072915386931
145.157067529301 0.405594636406874 1.15617825888567
146.449464497673 0.409986092313218 1.17548716349489
147.872320815643 0.416185629383202 1.20682168811773
149.165237584953 0.418165151322206 1.22455894955362
150.457544002751 0.423683744755299 1.24015979435412
151.878871578621 0.433059696518068 1.25188141046585
153.171405370907 0.446458178887774 1.27247061432355
154.59257331209 0.45292573390052 1.29211125296187
155.88445624425 0.453457753567622 1.31376895812653
157.177635975359 0.449253345954104 1.33202379225042
158.599080481963 0.440112733532023 1.34651416181976
159.892481523743 0.432119551863355 1.35782292283335
161.31642724837 0.424853033111145 1.3722996293085
162.612471628406 0.421619387414818 1.38246509700214
164.038817177556 0.411987801707744 1.39429768792235
165.338599695411 0.402374331054934 1.40395340541145
166.640904437979 0.392227226582877 1.41761659687882
168.075231011723 0.378900354231742 1.43241678889285
169.381571251279 0.369480128826769 1.44160438288617
170.820856645822 0.360699202337958 1.45363217094131
172.127778005722 0.329514249194275 1.45736355411111
173.439947814427 0.303027646302832 1.47274573462766
174.891190327624 0.289458556860276 1.48936095035532
176.212782894317 0.27022461245207 1.501906564167
177.665004143373 0.251050172342355 1.49790796468011
178.986024768767 0.231631315708447 1.49602829103233
180.443941128079 0.220486988558252 1.49809786148812
181.77069953179 0.212869389915487 1.5017363330282
183.102576236182 0.212922127284094 1.51277323012274
184.571157335519 0.213555092306248 1.52825375942532
185.909039690093 0.207534028892104 1.5418104595045
187.383958741574 0.201144989617908 1.56006125427525
188.72850300639 0.201177071199804 1.57794125667269
190.076116696675 0.199659377808028 1.59450970397153
191.561714250741 0.196635873583406 1.61351005688463
192.915546209287 0.196064300894167 1.63213286075706
194.408957284346 0.195012176989556 1.65623973194263
195.770724243798 0.194327886705806 1.67682150507253
197.271700247269 0.197504186650349 1.70705058957351
198.638425055285 0.199987311506044 1.72370455885854
200.007249576232 0.209842479421653 1.75382912025719
201.518669687916 0.221516580277875 1.78320351293843
202.895695981304 0.23240663171088 1.81263690374707
204.413313528178 0.234578629636618 1.82807710750824
205.794708084836 0.231083948911436 1.83968579444779
207.180958114119 0.226998251402119 1.85251321943016
208.709675790355 0.224988113861997 1.86359271653869
210.107973657466 0.224009227825767 1.87288199152808
211.650424098014 0.227254361283697 1.89584607422848
213.054631464918 0.230676101215726 1.91609583287006
214.460843491795 0.234415676764655 1.93909641353674
216.015795941029 0.233298495672058 1.95792213740039
217.431642945184 0.231249658690651 1.97187162358781
218.993246418938 0.234436135589891 1.9910399193172
220.414030379008 0.239479191719475 2.00908800422646
221.980168902359 0.242855571315751 2.03039215311545
223.405639083434 0.245060718052536 2.04533088687804
224.834492820702 0.245748974366466 2.06046468516918
226.407718600945 0.245858392657274 2.07516152094979
227.838876551607 0.245396518306163 2.09325702622714
229.413690720382 0.245670726095877 2.10780398779078
230.846136301636 0.24386821874134 2.11926574300872
232.282511530979 0.242443015531567 2.13312370966949
233.865014807713 0.241100703533301 2.15054583558478
235.30598610915 0.242394269286242 2.16933438313371
236.892874044561 0.243357643178212 2.18980065301247
238.338847526955 0.245244480434442 2.20970516962182
239.787435852337 0.246420096075088 2.2308459064097
241.384565905096 0.245516445227067 2.24915651851618
242.838101090707 0.244895738535899 2.26563427221951
244.439923902341 0.24227319887427 2.28249834991236
245.898399469821 0.238608565806063 2.29616862975456
247.359721766995 0.233466957322761 2.31114868261304
248.968449745275 0.228145657444114 2.32604512470843
250.432579160128 0.224487611593337 2.3416043478201
252.046772265559 0.219387733197027 2.35307866593386
253.516720327107 0.215094484983342 2.36372911955111
255.135529508826 0.210000414007723 2.37395724985877
256.610221230713 0.205845070626255 2.38766459609414
258.085245828284 0.201742202074353 2.40206814289647
259.708838591569 0.196037533825228 2.41774493799092
261.184893786353 0.190005164712714 2.42846179958826
262.809145604234 0.18393144518465 2.43936520438672
264.287697869865 0.181547980581632 2.45740014005191
265.768255423477 0.181659562235008 2.47877253309346
267.39661143289 0.178179459061551 2.50666429009499
268.876406353811 0.174977954531796 2.52737447722174
270.505510487139 0.17333926155689 2.55677621516821
271.986671534147 0.171758270867329 2.583052896138
273.468689185878 0.169409905523376 2.61142617966451
275.099766964196 0.165879451170771 2.63685217211237
276.58445039108 0.165805404695184 2.67381843451338
278.216878206978 0.160217693693987 2.70483029711391
279.70380308529 0.156018641948692 2.74108139598522
281.191781706146 0.145707041427904 2.76508856472259
282.830412275072 0.132372469208428 2.79301909233693
284.319379569826 0.116961895625646 2.81164925679163
285.957638889884 0.100542064767508 2.83325335637408
287.44742297712 0.0860005830646067 2.85508544839826
288.939606676484 0.071386844561291 2.87945276307672
290.584342814843 0.0575825632074943 2.90411899195513
292.081901041224 0.0441266891661786 2.92365614739364
293.733914726258 0.0319897863967701 2.94914353182031
295.238647735495 0.0231751256169159 2.9748187782184
296.747273441178 0.015093421131033 3.00177483883281
298.413037759321 0.00180128032319606 3.02105351052415
299.93455382586 -0.0079138238022139 3.04049067287978
301.610314439537 -0.0150546571064356 3.06104113913969
303.139349004737 -0.022344818715909 3.08184266879043
304.671339078263 -0.0330298371209227 3.09811852286981
306.361724212029 -0.0464152271003172 3.12091256250261
307.903092580678 -0.0558378146218507 3.13987625079155
309.60394604566 -0.0613032858833008 3.17193644865528
311.152849161789 -0.0679838519899343 3.19775728951447
312.701345973868 -0.0689653303708509 3.22757573009887
314.412367709681 -0.0611285089755345 3.2627497266418
315.97397957509 -0.0590441931866282 3.29049468166118
317.694765660124 -0.0582081534722812 3.32100821906299
319.25944320628 -0.0604733524836803 3.34109980628194
320.981956660637 -0.0624480568435874 3.36726190348782
322.547289730475 -0.0660791583417507 3.38941941960145
324.111609750531 -0.0682145648393974 3.41627405035327
325.830948006078 -0.0721321777085727 3.4414809042981
327.395274931513 -0.0749548893592691 3.47002136616431
329.113786392179 -0.0837830227231883 3.49658075297809
330.675058953331 -0.0939830112905987 3.51994771802351
332.232984441109 -0.104301114775046 3.53406319088616
333.94097858027 -0.111890583164407 3.56269272284543
335.491207150288 -0.118447166238067 3.58301904210744
337.193307304338 -0.126298824597644 3.60724579352056
338.740192014282 -0.133046655634165 3.63287158668862
340.285692359188 -0.137963001440469 3.66131250352033
341.985708715837 -0.144489438524176 3.68213538492664
343.527718857736 -0.149466970379736 3.69350019510387
345.219324264206 -0.153878319844668 3.70221408233974
346.756851564101 -0.156692108022681 3.71496917976311
348.292176199903 -0.155117958593274 3.73268894730876
349.979609700548 -0.151468333140959 3.7479893825927
351.511867740908 -0.141387942650306 3.76845616600236
353.196802339184 -0.131435399748201 3.78879596140987
354.726924628887 -0.119986442206851 3.81181368844715
356.255891358964 -0.110133921754397 3.83560382661782
357.936413365383 -0.0987132707874378 3.86178570485118
359.462926521907 -0.0877286341414069 3.88468138176925
361.142155167597 -0.0749355271650448 3.90816184875776
362.669642051457 -0.0650029672489821 3.93079213552987
364.198917131576 -0.0554561555544447 3.95669710473707
365.884394120516 -0.0411261977852596 3.98592536877552
367.417182938225 -0.0305625739324553 4.00503732857239
369.10604968317 -0.0118070716214561 4.03249562421127
370.641224953137 0.0029771870413966 4.05553201423459
372.329948199507 0.0223607802200219 4.08577897381307
373.867065179706 0.0358630026157049 4.10834180005217
375.40507581231 0.0496656221306528 4.13205485224075
377.100345755084 0.060117503427889 4.15342503726905
378.644258013754 0.0668090542912012 4.17372097131427
380.344976585493 0.0738468664352353 4.19479467726937
381.892870797578 0.0815524188744138 4.21704727880716
383.442578372757 0.0881746640746251 4.23809124973968
385.149120673501 0.0952751207044671 4.26125928505681
386.701864375231 0.101125361929319 4.28437880181962
388.410209578185 0.105282851993613 4.30711961652916
389.966105459187 0.108115899653651 4.32575257682287
391.523892494067 0.110347127115053 4.34156112280243
393.241749447501 0.109710900352906 4.36465282669137
394.805949551538 0.109920523981769 4.38950223147774
396.525345077344 0.110051388672687 4.41575487986594
398.090629682927 0.109572025174724 4.43659019423328
399.814261618462 0.107899713769353 4.46195192195119
401.382646696799 0.106027749519964 4.48533294248247
402.949568103604 0.104938065796916 4.51472701752673
404.671875008473 0.10163995120367 4.53695709693306
406.236029338808 0.100314437608695 4.56125779427755
