-0 0 0
1.09309084849686 0.00791743781343528 0.0158501929417861
2.18618172202809 0.0158346493346935 0.0317002087107548
3.27927262184903 0.0237516360138763 0.0475500473649978
4.37236354771174 0.0316683988105094 0.0633997108265468
5.46545449896848 0.0395849348669413 0.0792491967926996
6.55854547661465 0.0475012481434815 0.0950985060875552
7.65163647943198 0.0554173364346007 0.110947638061657
8.74472750809415 0.0633331989616483 0.126796595721337
9.83781856278358 0.0712488369139833 0.14264537526717
10.9309096430434 0.0791642509202908 0.158493978343434
12.0240007490133 0.0870794373208321 0.174342405644795
13.1170918808041 0.0949944010586661 0.190190656319686
14.1525052067677 0.102175003164182 0.205659742536689
15.3032742218718 0.110823654667063 0.221886626728559
16.5695414444923 0.120213744554103 0.23976944367464
17.7208347907846 0.129407277396255 0.255280618839475
18.987107781401 0.140301417992279 0.271076774246194
20.138270653369 0.151329358233588 0.285263749699161
21.2902563847275 0.163085274325151 0.301685528437667
22.5574511085155 0.176895177110006 0.320394459948766
23.7091623017707 0.189641770409357 0.337003936919224
24.9767570658144 0.205617122850345 0.353645146805238
26.1300982579216 0.220739878525313 0.37120606303482
27.283146780719 0.236082572824926 0.384316069653433
28.551106462081 0.25406200844094 0.3992860172704
29.7035199364333 0.270591186050761 0.413709204116081
30.9714524744204 0.290830332262253 0.430887821139824
32.124202695974 0.309769121999075 0.448325905504892
33.2773239244778 0.329489810441159 0.465990768157638
34.5469512243763 0.351830877441492 0.483484676972922
35.7008942383835 0.373132703105761 0.499846306384514
36.9701059376159 0.396924200051725 0.51891055040294
38.1241905983276 0.419717068227154 0.535723282608293
39.2780289374024 0.442339411178303 0.552342753132039
40.5469008158987 0.467650520275029 0.568239082569224
41.7007627962885 0.491191708147949 0.581363331372656
42.971004847854 0.519306436459268 0.595164060672743
44.1268803912729 0.543770900973025 0.607584713137497
45.2833383793273 0.566369407980979 0.616835990873781
46.5567462124003 0.587897860605794 0.624098181764111
47.7148940826996 0.605414402604118 0.628880997868722
48.8730342382899 0.620611063565439 0.62675192347427
50.1477415312939 0.636468833856704 0.624848664024294
51.307880987505 0.651116561154816 0.626659327711535
52.5850432229681 0.664403394985226 0.63049729204262
53.7466130682501 0.676941291526527 0.634489170031259
54.9086669266869 0.689339194156565 0.638812809994185
56.1877912368492 0.705792151619594 0.648029035847725
57.3504482856714 0.722874106551537 0.652774591921469
58.6281738991112 0.74343826146544 0.656508133956442
59.7892980503776 0.762748581651924 0.660882930901077
60.9494490361802 0.782573337906474 0.665445727888165
62.2243475807355 0.803045652689891 0.670652515498936
63.3829280736609 0.822727605906387 0.675366709098852
64.6553166439535 0.84430801099916 0.682972004380918
65.8096973364567 0.865036294268877 0.684625409707813
66.9625225013731 0.886994007146142 0.684403937570662
68.2289014032106 0.91183048844036 0.689225275152877
69.3771967457347 0.934012886358584 0.693623571474159
70.637200438658 0.958144164661205 0.698377333993217
71.7810043057918 0.979417932390688 0.704950767577165
72.923221255333 1.00009685003884 0.710169069488639
74.1750641801741 1.01780431111495 0.71809730557528
75.3102299198808 1.02841252269623 0.719758006564945
76.5582298940338 1.03798226161028 0.727774306347323
77.692034239332 1.04462754760914 0.743254417605148
78.8220905963148 1.04731425903199 0.754780257074509
80.0620058289145 1.04878430054998 0.759580221824384
81.1855112982787 1.04306905726603 0.766773157860627
82.4182907817627 1.03143905181113 0.777794411385459
83.5370265477195 1.01783731708507 0.791478377225832
84.6541653892382 1.00272045604427 0.808279862256816
85.8798074950533 0.981194365435773 0.824418713047945
86.9913917053982 0.95680717047015 0.837120561191963
88.2122272063173 0.924525203535219 0.850916272885148
89.3223056920158 0.891657220147335 0.867059648029072
90.4337132827454 0.855063104456687 0.88568002728857
91.6575850060914 0.810027924400031 0.904343118593665
92.7704252300473 0.766009198909309 0.920869788029798
93.9946805297865 0.712893471337588 0.938039919226257
95.1088225336348 0.662331401859483 0.95032262535511
96.2261645637927 0.607879423741207 0.961861880980045
97.459619945801 0.54600204088743 0.976502330617852
98.5858211351606 0.487251887091849 0.994528333714012
99.8292962735031 0.421796843313596 1.01750455439179
100.96477720349 0.361546239848337 1.0395390025148
102.104629833766 0.301210747926926 1.06100075902109
103.365102651842 0.234170133382272 1.08262545669167
104.51730469017 0.176801827679453 1.10076115221252
105.78930094265 0.116401550377263 1.1202560884938
106.949173994112 0.0661685047093324 1.1372100713966
108.111995877543 0.0190725581542523 1.15522296636223
109.394775385039 -0.028433426605637 1.1770870919711
110.563579846477 -0.0665498737265909 1.19577929893757
111.852034480454 -0.103351893887697 1.21503172485056
113.025480971683 -0.130889556517309 1.23091715742644
114.200794360101 -0.152710737241796 1.2472730323443
115.495793186905 -0.171127103023269 1.26646777011426
116.675308715141 -0.182285401322763 1.28501921462594
117.976500168743 -0.187234470370745 1.30509172939238
119.162444347595 -0.186364332040731 1.32336034988569
120.350511852122 -0.182724966854604 1.34076456131847
121.660439894965 -0.175883281439565 1.3579445529802
122.854143194726 -0.16864745031241 1.3743039732258
124.169407304283 -0.159602270296971 1.39167713209724
125.368978599931 -0.14787669078846 1.40401191441821
126.571312519002 -0.135201286357445 1.41732964467463
127.895765896621 -0.12172981052642 1.42568711603222
129.102083553297 -0.109650214554542 1.42932446252418
130.432082940122 -0.0981058259035602 1.43864933316234
131.643758223595 -0.0890354472513665 1.44887824796328
132.857495574068 -0.0763898496528545 1.45713542313471
134.19498000175 -0.0624774818239376 1.46380206700356
135.413066641415 -0.0500609909846515 1.46565731879309
136.756741852007 -0.0386550253242949 1.46976517305568
137.9808774218 -0.0270272941658945 1.47616026643151
139.20682038248 -0.0128822148721654 1.48334173381444
140.556911753125 0.00333965978644944 1.49134296978222
141.785247097965 0.0189596624267209 1.49721832067484
143.012746267368 0.0331541894387656 1.50050115381081
144.362237131761 0.0477735879133113 1.50227648387236
145.588238873026 0.0613997583022614 1.50793851229102
146.934024444139 0.0743638618193116 1.51714026485022
148.156708420201 0.0868940793174559 1.52729647978901
149.378455720137 0.0986551515740598 1.54466644323105
150.720743097007 0.109969457325986 1.56919376370432
151.939795438556 0.122372116518932 1.58846275028563
153.280165424595 0.135321569695743 1.60988576207687
154.498083004454 0.149163629210567 1.62639556183691
155.715422117356 0.161294071266654 1.6416576288762
157.053865283932 0.175772251480414 1.65856790023328
158.270813080997 0.188595953729167 1.67593214965969
159.609339084001 0.204207304216827 1.69396633179392
160.825590916802 0.218905139354508 1.7091435781314
162.042089039799 0.234695108777777 1.72311894361402
163.380721292331 0.253970454636438 1.74173944383266
164.597390226578 0.271257427001615 1.75994665738898
165.935890888799 0.290949987842804 1.77902717526964
167.153195037724 0.309472709475596 1.79776315741897
168.371105067128 0.329206829611904 1.81869408754425
169.71073552575 0.35176672731142 1.83993537545819
170.928823127587 0.37310386465284 1.85760809113483
172.269124634761 0.397633610745549 1.87644194273643
173.487657830576 0.420905633106422 1.89320375569892
174.705995051407 0.444029123594443 1.90965718426522
176.046638052969 0.469287129570966 1.93087333032194
177.264081902907 0.492746315286665 1.94963928044269
178.602046648463 0.517286558894237 1.96996107506509
179.817616297667 0.539892757470821 1.9909859671896
181.033134961609 0.562002420028902 2.01298028974392
182.368749786222 0.588153757005459 2.03638886276792
183.579949984866 0.612843334281005 2.04836065697152
184.907516205977 0.640774787487762 2.0591737833423
186.112288910805 0.665798571241975 2.07316799026229
187.314944923408 0.689473293381056 2.09200844342241
188.635357755054 0.71617840581174 2.11330324948295
189.833117149107 0.740175079234108 2.13302813753453
191.1472382677 0.76549468938929 2.15319559912136
192.337734726941 0.787371666817485 2.17023684731686
193.52453217376 0.807091605720162 2.18587581304705
194.825485972281 0.826444688725933 2.20640627848701
196.003513504281 0.841862684629628 2.2270481446556
197.294262341708 0.857897787208095 2.25109364983857
198.46237420218 0.871142964344973 2.27287066609756
199.62496371879 0.883321473597135 2.29219190925067
200.89757663703 0.895073217399033 2.31136458935601
202.049131757687 0.904073726887258 2.32857253807787
203.308308777606 0.91184925232183 2.34916687173742
204.445082384481 0.918330520796224 2.364737104783
205.572129895866 0.924552624387265 2.3811800771812
206.798677098555 0.929305287774649 2.40001817565127
207.900234131177 0.932876014030173 2.41683435891058
209.095664257497 0.936734917162105 2.43648262211323
210.167232941906 0.942202470496823 2.45088936572018
211.224845744231 0.949228062836199 2.46461542584544
212.373997520299 0.958074773444154 2.47965919806892
213.405532752634 0.965823820767995 2.49471136583535
214.527033311249 0.974853016427891 2.51196952232173
215.534602370014 0.983044373550749 2.52806044626147
216.531126753312 0.991560127872087 2.54397615062838
217.611884199986 1.00404285092152 2.56036729526495
218.578567495063 1.0179271815721 2.57293486892311
219.621097147147 1.03590455290291 2.5830039682904
220.54898691906 1.05305315625269 2.59347212015544
221.4561722056 1.07242595459803 2.60616536177766
222.430498480213 1.0958583203251 2.61970714900525
223.293357465077 1.11893775235559 2.63044862601872
224.218756467581 1.1461878071321 2.64268416733223
225.038081201551 1.17376860210303 2.65449221294962
225.838181145778 1.20283482858499 2.66676375863906
226.698311368703 1.23778736797667 2.67839381570381
227.462008828276 1.27010560853823 2.68897160395494
228.283574237444 1.30496945426573 2.70237226673049
229.012582084914 1.3350848169698 2.71443611482121
229.726602169473 1.36420193213401 2.72454565015197
230.502153065184 1.39615072544126 2.73195493331747
231.203882724116 1.42432408126236 2.73907952091003
231.971484300789 1.45509641818995 2.74835315408236
232.666577003051 1.48208350480255 2.75826413552424
233.358035807374 1.50728166465266 2.76866603911459
234.114747103956 1.53330289148203 2.78042270306704
234.799633874762 1.5573721555458 2.79050031985389
235.54856025112 1.58128433342436 2.80124087674027
236.226212265714 1.60236758431502 2.8102262126837
236.900677675437 1.62069777718936 2.8196293350881
237.638613854324 1.63731976490772 2.83257266419889
238.305875956811 1.65043276912253 2.84422587776771
239.036755039018 1.6627926504775 2.85657323148986
239.699303822626 1.67187857465659 2.86587016694538
240.363504009689 1.67983098929484 2.87450996765556
241.098331347354 1.68732615254801 2.88572321810805
241.770227887261 1.69200720025481 2.89665118251595
242.513260840777 1.6974410854277 2.90779465593293
243.190568915615 1.69998556189261 2.91728512745511
243.938837833353 1.70154114255804 2.92616132992715
244.623136946993 1.7007222859302 2.93128475876579
245.312813419075 1.69899119306418 2.93744177344342
246.077469506034 1.69476159710365 2.9480121596876
246.77884665289 1.69152305708378 2.9602559465099
247.557143694246 1.68826503718309 2.97357822083987
248.271976542982 1.68590152842395 2.98637686893218
248.992053523095 1.68300309283415 2.99792945675691
249.790857505432 1.67788381759241 3.01269653154062
250.525230880158 1.67214152879175 3.02452641975837
251.342663431009 1.66935597924849 3.03931109709249
252.093903422627 1.66909706069579 3.0564794689139
252.851513257464 1.66524025042294 3.07209652368034
253.69238346516 1.65646273854192 3.07962481114507
254.463723370103 1.65165650954884 3.07776676901302
255.322350408892 1.64306988388362 3.08192077935491
256.111640431478 1.63029883914448 3.09328430865316
256.908233236439 1.61370852681722 3.11012742611328
257.791158988172 1.59065735658057 3.12963778191067
258.597076374985 1.56801153062458 3.14294865970364
259.48511336606 1.54309086757792 3.15740865096372
260.292250114306 1.51811264079845 3.16908260360825
261.099805042483 1.48935408669531 3.17973680036518
261.989566195539 1.45504865553549 3.19396890778799
262.79997095685 1.4233509823078 3.21172969650094
263.691956021877 1.38764484612084 3.2315320789791
264.503175567878 1.35132816260037 3.24636806901236
265.315338059326 1.31084799918867 3.25925240018982
266.210136383396 1.26097360771778 3.27433917123646
267.025562253514 1.21466676216465 3.28793765317841
267.924227029278 1.16026803952511 3.30223269584448
268.74215862849 1.11265615339006 3.31648853149852
269.561702757433 1.06404176288338 3.33090563048682
270.466012316427 1.01007374624545 3.34625821261771
271.289499419352 0.961898589353245 3.3622126552319
272.19557359033 0.909149520408781 3.37814409069578
273.018435213085 0.863992526321067 3.39027068636384
273.840777172389 0.820235743463522 3.40235008556809
274.744659405533 0.772165380235426 3.41656109364799
275.564492739162 0.73035070418217 3.43074095438663
276.464109330304 0.685167375371617 3.44638820917787
277.279271159175 0.646022405044962 3.46182720963227
278.091326567978 0.60823165069557 3.47801348783533
278.978306623733 0.57042127399393 3.49449483185638
279.777650043564 0.54072522739058 3.50757047516223
280.646877350742 0.513003942915951 3.51933353098709
281.427403793851 0.490572057783076 3.52937756866058
282.195778059296 0.471049775977003 3.53923810272348
283.02553766674 0.456342496362412 3.54864161715646
283.764095359647 0.448308267197384 3.55501575729341
284.557041927774 0.444019933680976 3.56284749336842
285.258400535353 0.440997755989235 3.5716091916301
285.940741627951 0.439944776223215 3.58051626091672
286.67022900148 0.443801299529704 3.5893441002206
287.313075795566 0.451378136577501 3.59662974077132
288.002125097946 0.463169355883429 3.60433287539379
288.614552958681 0.477466843838437 3.61405325494124
289.215683742609 0.497699409340601 3.62521471120632
289.862064445314 0.529692628675824 3.63681609372429
290.43620984853 0.569161608904508 3.64552607197825
291.050292536875 0.620825121491104 3.65391723295604
291.594565579027 0.678116205361279 3.66185574485571
292.125037367503 0.747844675275527 3.66913739305961
292.693909956862 0.83969717865134 3.67667854730328
293.196660718252 0.935502394387961 3.68359010788989
293.683862903464 1.04369305738022 3.69362645610318
294.202274568611 1.17900430649326 3.70711164583532
294.657904115096 1.31875216468321 3.71695234195393
295.143183516579 1.48781545009689 3.72561857072946
295.571276044333 1.65811572590376 3.73007130787037
295.986578630515 1.84250037701473 3.7337164761683
296.427456887559 2.061414673512 3.73809798068935
296.814672967637 2.2769664888452 3.74055279922026
297.186247336078 2.5074242125453 3.74260799874853
297.575794129463 2.78134861853818 3.74178751745304
297.910748352374 3.04702276789967 3.74457430324416
298.26145470797 3.35362374075419 3.74549846774483
298.560636865108 3.64597368586997 3.74430402469043
298.837027790675 3.95053764417137 3.74040591584851
299.110636492086 4.29981925887714 3.73368727396897
299.329996448892 4.62989542400898 3.72959835524127
299.526584241353 4.96638084680967 3.72270114909372
299.718206797474 5.34150493692178 3.70989149071002
299.87059687229 5.68759862026793 3.69812782281134
300.01077858374 6.07613530206842 3.68815645304355
300.115603039493 6.43447677860067 3.67978075911265
300.198873384181 6.80292689597824 3.66902491450672
300.26675921044 7.22124832278119 3.65708904108734
300.302848295798 7.61466205775323 3.64497955754317
300.315652413884 8.0183325548317 3.63042054434795
300.299700881145 8.47294614996312 3.61335724142537
300.255219196817 8.89622731679982 3.59593828532776
300.174160087923 9.37060965722879 3.57444294260442
300.068651803742 9.80849800490352 3.55084679379372
299.931713251886 10.2497701161733 3.52427024977992
299.741339062242 10.7384025206873 3.49066502911232
299.534090362188 11.1858447740687 3.45509720197643
299.263524720434 11.6800624957474 3.41315061215859
298.980966566422 12.1317023106152 3.37421824805548
298.660710148264 12.5850930158935 3.33888953364779
298.271245597473 13.0867156621476 3.30033434988592
297.883202516853 13.5444114420178 3.26491648383164
297.414409235354 14.044626680048 3.22272169992314
296.945600123667 14.4898573839239 3.1808564444517
296.386618973813 14.968250808966 3.12839513317875
295.83869748286 15.3917700176292 3.0800082319701
295.254433458931 15.8065413272142 3.02808738349146
294.571123901855 16.2494015376548 2.97580258848768
293.910716505094 16.6379901963759 2.93755419879442
293.146059947809 17.0419974461777 2.89935001484936
292.415150152031 17.3918330350409 2.86489444179075
291.574765721814 17.7585460872118 2.8308003362657
290.774722422101 18.0685629313216 2.80411847910533
289.942426827634 18.351865279409 2.77690703454744
288.990773568879 18.6377375530301 2.74906779976388
288.095210739838 18.8695016957498 2.72479996492473
287.075807059992 19.0876885035823 2.69013901928882
286.120125482795 19.259413570128 2.66006650893457
285.13485721283 19.4030977517804 2.63897686680238
284.021634077773 19.5290257790048 2.61784506025012
282.982826954008 19.6143598581359 2.59991027771602
281.812345248346 19.6753959076379 2.57977987626146
280.723438065952 19.7025384340399 2.56632413231443
279.502600779507 19.701880589178 2.55015304889166
278.374101013608 19.6761951357412 2.536094437259
277.231744599188 19.6249105142921 2.52214333294072
275.9583549013 19.5452895861203 2.51041389311811
274.782926434711 19.4560130903619 2.50395653920223
273.471640956073 19.3463201226473 2.49726731511803
272.261654313519 19.2472524256647 2.48723420035834
270.911125472223 19.1341096656245 2.47477359263492
269.667109081379 19.0298813580681 2.4652931753092
268.410022765237 18.9285472076305 2.45686592688264
267.013216936811 18.8218856769385 2.44598719331711
265.734508711271 18.7294327844582 2.43902390966688
264.325682494375 18.629693417464 2.43536063501867
263.043738849312 18.5466741775131 2.43030311234726
261.759888630082 18.470685193392 2.42330426753492
260.343914053934 18.3943479122354 2.41191621162334
259.052490166693 18.3301711012121 2.40240890721481
257.628941590496 18.2672512381524 2.39133260058036
256.331700741454 18.2175042042573 2.38390196055024
255.031776144523 18.1753589342518 2.37536669798824
253.598272882822 18.1369480178187 2.35689196229974
252.293025047634 18.10848679906 2.33732779390654
250.855071537824 18.0824647675986 2.31733315683397
249.546194846765 18.0610854150747 2.29891701151323
248.234967022024 18.0425586349211 2.2805899278887
246.78514802238 18.0266829564014 2.26658526277112
245.463941182533 18.0155641864139 2.25346960672917
244.00555035617 18.0072134447676 2.23029451985179
242.676892390707 17.9983450638193 2.21077703860395
241.343822570085 17.9926858693497 2.19147258125654
239.876410266513 17.9861657618979 2.17212688025629
238.537888567282 17.9787003019465 2.15270799324256
237.196972291077 17.9696795445619 2.13577444671722
235.717177594379 17.9580241728323 2.11896800642826
234.370105546263 17.9456935191554 2.09548312398704
232.88465165068 17.9274376392978 2.0730695377394
231.531648576626 17.909643593418 2.05328630190311
230.175573565307 17.8910583980009 2.03529716528747
228.679468880755 17.8715300260085 2.01474080965555
227.316996800946 17.8541738543615 1.99576922823239
225.949710294294 17.83784095329 1.98201944722872
224.443016012765 17.8192622344744 1.96634930064024
223.068873896638 17.8006239473607 1.95076086065592
221.967999779821 17.7848157037248 1.93810417708435
220.174846854496 17.7595448624671 1.91528340337582
218.792323875047 17.7396542379331 1.89372136393511
217.265998963005 17.718016178312 1.87177725158541
215.875317843735 17.6978926040206 1.85417954835592
214.484336478986 17.6725394359337 1.82803774857836
212.95083377491 17.6445673300649 1.79824406630441
211.552693984187 17.6189816315159 1.77490760480844
210.010254998476 17.5912309779547 1.75120348166182
208.605941096821 17.5666460647457 1.72514817136578
207.196890057743 17.5410597618898 1.70201867712347
205.643801783227 17.5133654342989 1.68176743692957
204.230672174951 17.4879759119042 1.65786319804708
202.817288836359 17.4655088636121 1.63712777088721
201.262290367607 17.4406504360652 1.61366256635111
199.848570189131 17.417565803538 1.59554881032153
198.29430835092 17.3918986286715 1.57593123931031
196.883479314798 17.3689205275009 1.55290565029191
195.474264668087 17.3474492841431 1.52867968473004
193.925881837106 17.325057753262 1.50536823747713
192.521551643345 17.3061769545403 1.48207671074329
191.118850047104 17.2903981607132 1.46009253329276
189.578506135161 17.275223564572 1.43913477370834
188.180675528909 17.2638789149721 1.42263557481222
186.646486762625 17.2498801840309 1.40140695439941
185.253412922487 17.2383589027973 1.38414395723668
183.863313858732 17.2285235755342 1.36611313411003
182.337787378556 17.2189269978821 1.3444495724165
180.955133056591 17.2114801349421 1.32091794497545
179.575976320158 17.2064126424865 1.29898967766549
178.063738559489 17.2038625486933 1.27743940788284
176.696503558093 17.2052600599536 1.25814388513352
175.203297240047 17.2101268602988 1.2328959535563
173.856572580911 17.2172192948512 1.21212041008865
172.523150178979 17.227372189828 1.19324804785227
171.07461088932 17.2407666039407 1.17088341746697
169.776249058647 17.25627084855 1.15073331312228
168.49730054702 17.2742263264794 1.12851793206939
167.111393369262 17.2962678531774 1.1046065185895
165.872548929307 17.3171647957661 1.08618523399598
164.535243999152 17.3422587581158 1.06354023382685
163.344073660721 17.364724281884 1.0417327389064
162.174240312802 17.386224376382 1.02265053611097
160.91519557212 17.4111773505141 1.00617456105807
159.79459289224 17.4328164061574 0.991204084609992
158.699313834964 17.4534421832775 0.977013777088142
157.522355227928 17.4751460034849 0.961847125465232
156.478211635981 17.4945962044141 0.949167114542684
155.358805297629 17.5140159431366 0.930903899427687
154.367251516122 17.5322997143936 0.914133951772721
153.400691042547 17.5499680966068 0.899191892800547
152.364861791342 17.5673551801208 0.884418786871789
151.449608441693 17.5820444910572 0.87238625825162
150.557759602038 17.5964024881361 0.861144910997788
149.603431914219 17.6106912030637 0.84618704465847
148.755270283775 17.6236902727714 0.831725976492033
147.840334132543 17.6361984359187 0.816551109721692
147.022482907139 17.6463074482384 0.801279319073415
146.218484964183 17.6577397677103 0.784834786288969
145.350833635332 17.6691470861176 0.767822435900452
144.578445755143 17.6761252683565 0.756197536584888
143.747244043157 17.6852254655598 0.744448347455264
143.005816587888 17.6952862000176 0.731100219673787
142.274967123731 17.7045183102879 0.719580617551686
141.479423427076 17.7120263354965 0.710517890119059
140.76355271394 17.7195179547544 0.703477917570343
139.985922150117 17.728688540556 0.694900363837442
139.289493022523 17.7375482222148 0.68474598792742
138.600913130858 17.7474436171063 0.674229729333145
137.848870841745 17.7594951336412 0.664864035178499
137.168447430664 17.7703159710227 0.659088426750665
136.423611289571 17.7809870524985 0.652277482495719
135.748260275897 17.7888031897681 0.641702602678363
135.075691886047 17.7954157332007 0.632180423177103
134.338611012712 17.8051781289317 0.626486894412786
133.670852989686 17.8176083760963 0.621262641891465
132.942136693436 17.8266742690853 0.615445300578787
132.283668998585 17.8315135308271 0.611266418894693
131.62459616797 17.839568548492 0.601455923097734
130.892881360738 17.8546963378017 0.585001454852925
130.219775916762 17.8626190101042 0.577994391201103
129.469160878972 17.8699371258964 0.57755322946989
128.776015869563 17.8782409432485 0.576880483665146
128.073771194635 17.8875239746687 0.574737660068805
127.289793010147 17.896868822513 0.571573212998687
126.566046818776 17.9047314173968 0.565141043087566
125.755093638097 17.9095242781562 0.550523651909522
125.002731685649 17.910376851415 0.540153264497238
124.234480351322 17.9101473769267 0.534659475481099
123.370992145177 17.9081515153668 0.529534351612371
122.569726027848 17.9044634024724 0.520612924399467
121.670961935008 17.8978075011708 0.507243945910608
120.83745412868 17.8895903573844 0.490712942281115
119.987756364038 17.8780402261045 0.473370512030499
119.034464417691 17.8614362486276 0.4583321907553
118.149575345296 17.8408823144952 0.444588591880045
117.158605649691 17.8152681702498 0.434209926395041
116.239891624036 17.7878929236546 0.423228494310607
115.306520718413 17.756942957741 0.410010422828094
114.261758099975 17.7171812531562 0.392718469935126
113.295693685634 17.6744561093971 0.374819620782508
112.213210280975 17.6223859632257 0.358452204434344
111.212431623062 17.5695015021756 0.347571032596027
110.195671146948 17.5115017603278 0.337620548346515
109.059243603589 17.4448613023119 0.3240504575754
108.010087720487 17.3829745924156 0.313317801699866
106.836473557315 17.3152297178921 0.301325826152066
105.749770880376 17.2531443946806 0.296418312869146
104.64492319356 17.1905171634531 0.295683514636235
103.414503186047 17.1201735878652 0.284018759579877
102.281390969802 17.0543497006242 0.267378763247609
101.017616560894 16.9810533460712 0.250792742422971
99.8522474410157 16.9138534353303 0.239541279179368
98.6726747279396 16.8478340700851 0.228632186955295
97.3579617437782 16.7754112852935 0.213918556280699
96.1475930666636 16.7112429176868 0.204924467306764
94.7991853372893 16.6394415979426 0.193071388901886
93.5594105552876 16.5754041117814 0.175216726159409
92.3042641382977 16.5134175230919 0.159546916370089
90.908158569308 16.4464006807638 0.145520491674055
89.6262209086246 16.3880898897453 0.123776110085281
88.1978662702296 16.3291378553994 0.114134613787669
86.8810349213313 16.2795518853845 0.121076467615086
85.5493137762587 16.2324390948837 0.119464480742248
84.0708150128811 16.1822475297428 0.102079420374462
82.7120561939212 16.1386513220461 0.0821541163832581
81.200631315128 16.0960422042564 0.0638231475770171
79.8099321787169 16.0602035344776 0.0503545663266902
78.4055146608943 16.0274550043434 0.0363117312942967
76.8478955674179 15.9935532221765 0.021222894593639
75.4272152703164 15.9641504018307 0.00813477207516337
73.8628541779377 15.9344831097992 -0.00681936841863764
72.4408629640276 15.9102152831965 -0.0194488706086619
71.0212820765401 15.8897968020292 -0.0365724384990064
69.4613708447323 15.8694609138321 -0.0594641127828854
68.0441690720558 15.8537951171678 -0.0785426945715807
66.6267570117443 15.8391249836141 -0.0964706807905348
65.0679597582943 15.8242435745757 -0.115786874275737
63.6519970335374 15.8114854468063 -0.134859579794723
62.0955095956314 15.798385249506 -0.158330800259281
60.6789863301806 15.7880059590642 -0.174793257599957
59.2620678674549 15.7778262092573 -0.189237416153859
57.7056143360043 15.7655485818745 -0.212174715302568
56.2936019517863 15.7541751222756 -0.238355521413748
54.88494794866 15.7403541036197 -0.266643744776485
53.3375364422341 15.7240157187714 -0.291200374199133
51.9323153070776 15.707411643535 -0.307740062013532
50.3887321851183 15.6893035202761 -0.322768251065292
48.9867638897978 15.672040887244 -0.336573267281306
47.5877188442719 15.6534119012052 -0.35354066372915
46.0524902986745 15.6307957779523 -0.377796736441203
44.6605237504705 15.6097066238151 -0.40267834773176
43.1311871011095 15.5865036252269 -0.424704621079769
41.7420180559361 15.5675878872209 -0.437722556807062
40.3543580977392 15.5501931029322 -0.449490710668105
38.8324252089936 15.5306700499866 -0.465667243257789
37.4515255725403 15.5118884099774 -0.485807307062249
36.0733014768215 15.4930585057273 -0.503681621461614
34.559260603182 15.4738982148411 -0.522755556014769
33.1865608396123 15.4575448841914 -0.539905303144678
31.678340684756 15.4420628819104 -0.556138461473865
30.3091301753639 15.4293572455288 -0.569865104058671
28.9419062181519 15.4170987662305 -0.584265717828014
27.4420864492672 15.4029958210102 -0.604324516315849
26.0826476943847 15.3889386216984 -0.621935263025555
24.7272475736371 15.3739287332961 -0.638424233475318
23.2425621018473 15.358529596505 -0.65761290561307
21.8987911014263 15.3458026317095 -0.671674689823225
20.427403713225 15.3332362823708 -0.689148297219218
19.0922974562215 15.3232408521192 -0.706324087530447
17.7597677448157 15.3140272061478 -0.723121979606389
16.2974066170806 15.3024050251909 -0.745731559785718
14.9712967746101 15.2912937028074 -0.767359769369969
13.6470000095711 15.2781074250445 -0.782015493339211
12.1921024102478 15.2649090966792 -0.792359166210877
10.8718534169183 15.2530459335075 -0.802752813373358
9.42229726451695 15.2419960048548 -0.818117466375544
8.10625436232554 15.2345160235044 -0.831714357176116
6.79142310191544 15.2283655909285 -0.847377932482522
5.34566253980959 15.2199312795714 -0.871375080003492
4.03018704289823 15.2111137227579 -0.8946130847124
2.58048330411411 15.1981395525569 -0.919477045701377
1.25980942242546 15.1848044132939 -0.938996938239874
-0.0644442939046834 15.1724046786321 -0.955601094307557
-1.52372490960619 15.1592965166853 -0.974159492260128
-2.85288083986471 15.1484604295485 -0.990517645432904
-4.18583179152434 15.1383867331928 -1.00575667958743
-5.65641101510939 15.127549065031 -1.02094095177272
-6.99617855323402 15.1163956870504 -1.03700606794044
-8.47341389892669 15.1038656660249 -1.05517095166202
-9.82033755252811 15.092532885601 -1.06995332970326
-11.1694726260999 15.0811597515491 -1.08654281401625
-12.6559205559905 15.0687265815149 -1.10978994788604
-14.0104503563388 15.0581332124748 -1.12733918784405
-15.3681861793588 15.0489737184275 -1.13910508473325
-16.8634371489555 15.0382551587866 -1.15492588383285
-18.2241492996338 15.0285042203823 -1.16658681986271
-19.7252990287985 15.0173777859737 -1.17665689204281
-21.0933853039084 15.0087151719772 -1.18048923948528
-22.4632769263893 15.0003471744113 -1.18793524335088
-23.9725715190288 14.9920912693026 -1.19877600948819
-25.3466353532357 14.9823615672212 -1.20601651215333
-26.7214637421734 14.9709105008764 -1.21511721585477
-28.2353894410905 14.9565830807502 -1.22264389329545
-29.6137158249986 14.9457109981462 -1.22745996769078
-31.127560934429 14.9335538500518 -1.24108309922811
-32.5029139499726 14.9240771688335 -1.25297798309027
-33.8777815499281 14.9143094027774 -1.26148660692357
-35.3884571961908 14.9012757035521 -1.27035728801575
-36.7601530575515 14.889642748112 -1.2797650794212
-38.2662968192292 14.8756654775191 -1.29098525897621
-39.6332178442173 14.8627341862892 -1.30272366152236
-40.9977378478719 14.8494507300499 -1.31546915341516
-42.4947046163987 14.8348278511963 -1.33330052083453
-43.8528393152244 14.8212323880141 -1.34855955914721
-45.2107984873184 14.8080190848848 -1.35657885696563
-46.704076016998 14.7928452901475 -1.3618312704586
-48.0598061563014 14.777777610645 -1.37172937342727
-49.5497058831909 14.7616848112884 -1.38565254351746
-50.9038593039832 14.7466775580422 -1.39885365888041
-52.2579141921506 14.7322649949316 -1.40991252848466
-53.7452956328112 14.7154648414416 -1.42640690620072
-55.0968938939581 14.7006625737088 -1.44091503918833
-56.4493052346042 14.6865315199479 -1.45028395234673
-57.9362012212936 14.6737496584565 -1.46113336526449
-59.2870867282466 14.6630279361254 -1.47186079441775
-60.7736979896474 14.6534076712515 -1.48192303953846
-62.1256562075066 14.6433386123483 -1.4888422247967
-63.47697318891 14.6337366218867 -1.49644930636316
-64.9625142787198 14.623244564049 -1.50511740527334
-66.3114783921202 14.6153144182356 -1.51386448624248
-67.6583335140621 14.6100001823432 -1.52238441520643
-69.1370112433026 14.6053678847328 -1.52993762010124
-70.477953264069 14.6016859279326 -1.53695665683634
-71.9501950153123 14.5961604251664 -1.54118345784447
-73.2860194482695 14.5906400220039 -1.54151477041885
-74.6192500953448 14.5847531364491 -1.54055158535261
-76.0820098840715 14.577388908043 -1.54148580013138
-77.4066929823147 14.5691788001586 -1.54661855826957
-78.8586536883808 14.5552888172129 -1.55568506419063
-80.1747239471516 14.5428613616168 -1.55902683351193
-81.4886295025673 14.5294012915973 -1.55590697644964
-82.9306564385485 14.5151703188813 -1.55200759656243
-84.2379256645152 14.5034391141287 -1.55495350574815
-85.5404759472474 14.4914054043157 -1.56126934802049
-86.9692951784684 14.4783244016499 -1.5695628128901
-88.2647176678161 14.4649168909326 -1.57380630085498
-89.6860296710322 14.4509251016964 -1.57851768339807
-90.975306172739 14.4382347933059 -1.58045932123676
-92.2609059235859 14.4277618929414 -1.58254488855993
-93.6705998093652 14.4172533135074 -1.58737496138514
-94.9483221426153 14.4085728330988 -1.59336327012523
-96.2235430691697 14.4014690368929 -1.59652889977585
-97.6221926989892 14.394160747794 -1.59956057961244
-98.8900672074325 14.388686820663 -1.60638212234467
-100.280546063108 14.3831970148227 -1.61388779395809
-101.541133404743 14.3799701282576 -1.62024705230094
-102.798631984446 14.3761956678354 -1.62717750467927
-104.177818277228 14.3749513963491 -1.63393143442107
-105.427883067966 14.3737170713842 -1.64129013748063
-106.674653611627 14.3735071546812 -1.64792381250824
-108.04188548369 14.3747743674235 -1.6544730198435
-109.281933499329 14.3772717924414 -1.6588228366513
-110.642501054888 14.3804063925779 -1.66094172545034
-111.874239214456 14.3832971178449 -1.66930075918048
-113.102713522338 14.3849103554378 -1.67792042186966
-114.449924112044 14.3869301434242 -1.68313553208322
-115.669942333727 14.3890620174447 -1.68818429297435
-117.006717636945 14.3916865840882 -1.69317405548554
-118.216541282017 14.3933767305157 -1.69811156876838
-119.420744411553 14.3944488241699 -1.70548663885063
-120.737833037364 14.3948599286771 -1.71362058494123
-121.926625882754 14.3959440944904 -1.71899884080461
-123.106837147763 14.3973139900089 -1.72503295185576
-124.396241665828 14.3990292246259 -1.73021001095206
-125.559607877575 14.4018370821618 -1.73502515837545
-126.830158421098 14.4059299337725 -1.7416196086269
-127.975810201801 14.4112050160273 -1.7490206386515
-129.111534954173 14.4182115729561 -1.7567573030225
-130.34792755673 14.4278689093916 -1.76298154241043
-131.45881968903 14.4374419776668 -1.76587661458265
-132.663118813778 14.4477847871398 -1.76871314667798
-133.741098031918 14.458138096592 -1.77358639712213
-134.800480538462 14.4699953678923 -1.77914358671732
-135.945964350251 14.4780893825089 -1.78753836369528
-136.965605993403 14.4874833043389 -1.79038102036532
-137.963577759232 14.4951588117329 -1.79894491943613
-139.034101359172 14.503817132729 -1.81116853820061
-139.980835020184 14.5143110336556 -1.8171514796437
-140.993602116941 14.5276664123313 -1.82187634664395
-141.885613447587 14.5412052405712 -1.82630903267037
-142.751536798332 14.5545732232587 -1.83131333925241
-143.670419728558 14.5685985914574 -1.83731275374024
-144.476278502837 14.5805024748441 -1.84213247726041
-145.329317664844 14.5888163323719 -1.84631159561157
-146.077825453974 14.5878957489161 -1.8491472115323
-146.799418719804 14.5735354985212 -1.84883705472684
-147.56431837666 14.5374704963108 -1.84753482655956
-148.231012507261 14.4874302690571 -1.84636487958004
-148.86889582116 14.4221731567795 -1.84400284570745
-149.539845749119 14.3327943832336 -1.84163634693896
-150.121682873717 14.2342945864791 -1.84308398460189
-150.678387315792 14.1168525779305 -1.84497428520497
-151.260182778545 13.9646476603483 -1.84015546610375
-151.763232942874 13.8094608281234 -1.82822449677519
-152.289270759995 13.6183316742837 -1.81093754814245
-152.748426931774 13.4194860055257 -1.79750882883904
-153.18875712317 13.1967596741307 -1.78320900716197
-153.651074375912 12.9261876230365 -1.76543509392028
-154.048259008717 12.6591597326708 -1.7429393501256
-154.420960032452 12.3698433073002 -1.71953804069614
-154.803362280996 12.0305294247222 -1.69562093556948
-155.123002369503 11.7012769308622 -1.67535793465225
-155.441004151692 11.3191764102617 -1.64831805947649
-155.699257847804 10.9546049391194 -1.62129824117761
-155.932447853472 10.5782944245386 -1.59526231756283
-156.158008664909 10.1514138885046 -1.56630083865587
-156.336725733456 9.75278985376233 -1.53963240149418
-156.484252977531 9.34633506288674 -1.51211450479326
-156.612910643598 8.88859506474026 -1.48168154313419
-156.699820910995 8.4658375493758 -1.45142858344501
-156.764884714679 7.98942260446269 -1.41602111723901
-156.793806710876 7.54941704298325 -1.38515335671221
-156.790423154216 7.10404425810961 -1.35122536107898
-156.74745145003 6.61070907158318 -1.31374737554434
-156.675022456758 6.16033832772477 -1.28327867924952
-156.560564584086 5.66416451799191 -1.26177116552188
-156.421315010657 5.21148883941864 -1.25015375955056
-156.246471929137 4.7598470041931 -1.23939993750028
-156.010136351166 4.26621764024034 -1.22832305227668
-155.760121642522 3.82210920191929 -1.21685344075098
-155.439083569912 3.34606069179557 -1.20359393096492
-155.110347265243 2.92415703254485 -1.19583591442549
-154.743719792996 2.51616973998261 -1.19439784954274
-154.302339084921 2.08081966325275 -1.19431735580971
-153.862154966111 1.70418061781689 -1.19003088615611
-153.340967950297 1.31086057502196 -1.17902849467401
-152.831705187162 0.981250271127477 -1.17016733743502
-152.293049325933 0.674769694426172 -1.16214048152778
-151.664004374362 0.369088554427978 -1.1515093194317
-151.056557820354 0.122959657394195 -1.14384447611165
-150.35126192445 -0.113168234844474 -1.14199577481526
-149.675997319881 -0.296063511900513 -1.14277203077965
-148.899094262406 -0.468979447590109 -1.1415283237306
-148.163923501142 -0.606485211814777 -1.13658955997518
-147.404615809049 -0.725169332936039 -1.12954831560585
-146.541010759459 -0.826526096369674 -1.12280359150223
-145.733184258483 -0.895881714745758 -1.11803214356212
-144.818226529487 -0.948092986304823 -1.11352126129862
-143.964402202332 -0.977963457595925 -1.11109894474894
-143.000241752712 -0.995634880281258 -1.10773711957315
-142.103313025021 -1.0076896729829 -1.10200411518768
-141.093684356324 -1.02189366113811 -1.09290124260628
-140.156729089853 -1.03410324028168 -1.08523012155601
-139.201306915126 -1.04795085921595 -1.07924398834157
-138.130940649387 -1.05803878501465 -1.07462404794508
-137.13940657888 -1.0647641520252 -1.07063490630035
-136.029470005287 -1.06953793318886 -1.06362490295378
-135.002623829791 -1.07380707523286 -1.05476365294167
-133.852580895278 -1.07687173823752 -1.04794839486854
-132.789753308626 -1.07901217783764 -1.04269443455127
-131.709619755962 -1.0768810243691 -1.03913612757313
-130.504145541683 -1.07237824842702 -1.03236416671992
-129.39214078602 -1.06568018002295 -1.02595177273533
-128.152102345663 -1.05846245312165 -1.01832940944031
-127.008057311936 -1.05192367543495 -1.01101876272622
-125.849806799862 -1.04487901185516 -1.00107348695037
-124.558548758325 -1.03726955577665 -0.98954374751604
-123.37063071381 -1.03191086904871 -0.979935596455108
-122.048089227269 -1.02924680113823 -0.968713566091637
-120.830499146578 -1.02829199807506 -0.95526825075378
-119.597382443611 -1.02720841478417 -0.937729730456376
-118.224546237138 -1.02921924195041 -0.916103483401938
-116.963282613892 -1.03081454462914 -0.894853265628503
-115.560919950354 -1.03061826755446 -0.876473136277705
-114.271415619817 -1.02622198800843 -0.858336342159968
-112.967376333439 -1.01952945069135 -0.8369956856697
-111.517851364137 -1.00778224406904 -0.811996755373107
-110.186522747209 -0.99402037901996 -0.791476334740665
-108.843110764614 -0.978258671430796 -0.773712069888441
-107.34812500224 -0.959164809713016 -0.752532552030238
-105.974669270874 -0.940586920838084 -0.733126520750192
-104.448493208708 -0.917124766613803 -0.708693532612698
-103.047512146925 -0.894679884194124 -0.68525954561982
-101.63133302907 -0.869289719597735 -0.662059638161923
-100.058571748081 -0.844430889549025 -0.638821909276617
-98.6146339865715 -0.822695712867341 -0.622600347496763
-97.0153922774538 -0.8001047907083 -0.602522464403683
-95.5585669590553 -0.779632505021226 -0.589845353816846
-94.1030507731638 -0.759671970632576 -0.583993493566099
-92.5006335745166 -0.737479034665047 -0.581954189952152
-91.0467306022181 -0.7186201253479 -0.581078038441027
-89.5944050940787 -0.701379439500097 -0.580997846801897
-87.9967775621331 -0.682798504874176 -0.579785551325025
-86.5444940150345 -0.666137605557028 -0.574837077388792
-84.9442718719667 -0.649916246445414 -0.569228881685405
-83.4918142328918 -0.637420962836169 -0.567385657369394
-82.0393863199483 -0.626764084011602 -0.567031138075334
-80.4429312090089 -0.614348993666536 -0.562062978391673
-78.990580643534 -0.604916839460535 -0.557391066632108
-77.3951084837723 -0.59555382278433 -0.555934835267935
-75.9455696498547 -0.588447510555366 -0.558102904880785
-74.5000147414981 -0.580975571468264 -0.561907948055625
-72.913618035197 -0.570985566478901 -0.567825964620377
-71.4733131546257 -0.558649100417096 -0.568295612613072
-70.0341270906198 -0.54661007551047 -0.563232734363539
-68.4532988220215 -0.532468724973229 -0.558583157659773
-67.020425118245 -0.52193738535799 -0.55730821591555
-65.4454001950418 -0.510300084826935 -0.553050027058811
-64.0159345431919 -0.498913872722437 -0.546570630343713
-62.5899868600361 -0.486186742815197 -0.547665453118116
-61.0256661720319 -0.469654268780633 -0.546771574019773
-59.6044672593291 -0.452719662104506 -0.540462772684834
-58.1849417163323 -0.43220271708178 -0.53199193308832
-56.6268627529257 -0.40857631523606 -0.534956530093685
-55.2142100910795 -0.384220919719966 -0.539142808531309
-53.6617261232397 -0.35367565275035 -0.541085748884832
-52.2534247801818 -0.326188939158251 -0.540388579442799
-50.848073977299 -0.299805804367362 -0.538645591471742
-49.3048650116928 -0.272232114226163 -0.535324780285107
-47.9042988772978 -0.246432252419057 -0.531692225770025
-46.5061759695025 -0.222340553373577 -0.528042549182547
-44.970782132499 -0.197525765962413 -0.524067029645088
-43.5767750716163 -0.1754735079043 -0.519072380468388
-42.0465502356553 -0.151980148670691 -0.515498748646062
-40.6581305846882 -0.131085385480906 -0.513988042747803
-39.2724953530634 -0.110987704556718 -0.510863637749237
-37.7501923735983 -0.089359128211368 -0.505066195956089
-36.3685087886559 -0.071223648871444 -0.495909086836505
-34.8514714997265 -0.0535355822337635 -0.488147315430469
-33.4752575367446 -0.0386872946682306 -0.485062699513628
-32.1020107868173 -0.0268383399605765 -0.482524760899277
-30.5938874553874 -0.0160031343392058 -0.478664375485966
-29.2239312050907 -0.00715606398120843 -0.471390973191033
-27.7202013888309 0.00114371629469968 -0.461765840878881
-26.358160435975 0.00587845086926541 -0.459526808716323
-24.9996121067717 0.00966956957652041 -0.453466744911029
-23.5080172303731 0.0122561018658795 -0.436645075647534
-22.1549939991102 0.0136724203285534 -0.414145446293799
-20.8051106056386 0.0134107785127197 -0.391140342579979
-19.3233399903485 0.0121310913858926 -0.364840620310342
-17.9800300836992 0.0102175292280647 -0.342754917878438
-16.5069855771006 0.00756119023577983 -0.321555688106783
-15.1727031313271 0.00385689314894073 -0.30375976021892
-13.8416372595189 0.00112107809161907 -0.285360430883614
-12.3806549314859 0.000833229653285416 -0.262433562526227
-11.0555793512373 0.00126550517933729 -0.241222869910171
-9.73316251208268 0.00400827198751729 -0.223674182195586
-8.27960712136665 0.00793271158039885 -0.202688395955534
-6.96011318658514 0.0130793680630733 -0.186364755235867
-5.50928597908185 0.0199129877668729 -0.169230188113064
-4.1918453910487 0.0277473180500263 -0.148835596536134
-2.87504440793098 0.035620633130126 -0.127471618666806
-1.42803431894892 0.0459284711033343 -0.101729620420746
-0.114010412335511 0.0559994961001049 -0.0832753281170675
1.33039187184764 0.0659250432521314 -0.0597641019944907
2.64282407403372 0.0750495283256981 -0.0398841000264439
3.95436267706634 0.0841372740382731 -0.0193926365007789
5.39610167811935 0.0942825760362674 0.00443303603044803
6.7056065266536 0.103477284617244 0.0252429922217128
8.01461779032718 0.113505462982757 0.0465209590020013
9.45368404401967 0.126042909165385 0.0693609933566095
10.7608080929121 0.13686646513648 0.0902165900208435
12.1974149289047 0.14795675432341 0.111541231091133
13.5023895377306 0.15602726264512 0.134680076034559
14.8068476086709 0.163760701087528 0.156630137832736
16.2412134445391 0.171142873536621 0.181961478987914
17.5455741576969 0.178863919578696 0.205239622150267
18.8483405187401 0.186421193327158 0.227004991543539
20.2798189516638 0.194382353815381 0.250004495610112
21.5800052499574 0.202867215534648 0.271479784206403
23.0070360531106 0.212573700094171 0.296233561484111
24.3021509932826 0.221748961156685 0.317107795288568
25.5951726412429 0.231929666494995 0.340305522437807
27.0146909137169 0.242629234374448 0.363442577378531
28.3020960032745 0.254059781100462 0.380730180858975
29.5860962114466 0.264300390910774 0.39904038987828
30.9964484102525 0.276663928830688 0.419528297684335
32.2746932973891 0.285961343614366 0.440659750689284
33.6774300177611 0.295967242227276 0.463481851832667
34.9488624558284 0.303686947690166 0.48313069196632
36.2170968179006 0.310353256764231 0.502720857361428
37.6087980593355 0.317548785375703 0.524542299216149
38.8711439707193 0.324937697047422 0.543094322919985
40.2553241169095 0.333582569014264 0.561964382388648
41.5098902262285 0.342331772984754 0.577895143320755
42.7625778901139 0.35634559337565 0.59353256390709
44.1374248667184 0.372377881808554 0.610341703999173
45.3851627254111 0.388936632823073 0.621825579348623
46.6300360979139 0.404532888823857 0.629293336554433
47.9952999136437 0.422796437456213 0.632760440739653
49.2335593045391 0.440502320921707 0.629051846147071
50.5926537512132 0.463564022351497 0.626713752544132
51.825822578422 0.48472896360738 0.628003947340243
53.056264167322 0.506649107993491 0.631653708300597
54.4071423060785 0.533852133196248 0.633832110512346
55.6329426236873 0.558893602986385 0.637910275073386
56.8562887762387 0.585021615917702 0.642731298316661
58.1979678597416 0.614201389404697 0.646355064744231
59.4152859565004 0.643048075393311 0.648669163425924
60.7507860977471 0.673698518872114 0.652889980066978
61.9622836714974 0.702380326160239 0.65602568711098
63.1712219694424 0.730670214799732 0.660483613525131
64.4979748716868 0.763075764116391 0.668226728357091
65.6998966136238 0.793545091871114 0.67325604563491
66.8990567325375 0.825266982541104 0.676229696259046
68.2151088567002 0.862137000574875 0.683814093112002
69.4086506119957 0.895096419362007 0.690181330561885
70.717304086558 0.93145565479212 0.696350189080587
71.9011792017373 0.962470046018943 0.703844196309822
73.0748093398136 0.990809214680705 0.710194502690431
74.35099876523 1.01602958828168 0.717383048178699
75.4932234152097 1.03433907625042 0.720793819565935
76.6190800014754 1.05363440884716 0.728101969683089
77.8373070168547 1.0726747612664 0.74400619572423
78.9234465458143 1.08566540895628 0.75075670299702
80.1019630475096 1.09692680517015 0.7529580834391
81.1667238188358 1.10130560311795 0.757403666200816
82.2291764605146 1.1015595853773 0.764500563857336
83.39583816673 1.09771631543987 0.777828260560407
84.4545661565404 1.09195690692368 0.794730646771463
85.6150354041592 1.08592263973533 0.809696113483868
86.6649411711409 1.0807015291654 0.819781733638712
87.7103906469139 1.07259551242817 0.829209496337162
88.8562779134083 1.06370889361927 0.844509532732337
89.8944987258646 1.05358099993738 0.863263959078194
90.9285799098908 1.04274533877989 0.880071015614873
92.0620670101708 1.03118848308137 0.893846975840376
93.0887701049619 1.02051544392666 0.907458531664127
94.2138538457088 1.00887053896369 0.921210440964043
95.2318418123421 1.00122668075439 0.931663831200785
96.2488765143086 0.998633305191137 0.940116678004457
97.3713643256041 1.00213832393563 0.949572780568098
98.3954077384094 1.0095278654725 0.965000270285682
99.5271350466462 1.023154701707 0.983958976798226
100.559610237398 1.0404249798624 1.00119341853314
101.595181357431 1.06427271108401 1.01848836752179
102.740459184116 1.09857518599156 1.0353039994094
103.787669763228 1.13870709654029 1.04967144068433
104.840786809568 1.18632228354666 1.06279367783461
106.004884098583 1.244756395728 1.07547012836519
107.069986483976 1.2998752344167 1.08497589094874
108.248708502055 1.35829435333217 1.09631982032328
109.328052774693 1.40681617360118 1.10798758656997
110.414378932295 1.44939288178908 1.11958614638625
111.617515921528 1.48697661793541 1.13235400603447
112.717111409063 1.51313967038833 1.14168780026863
113.93481483343 1.53020622263746 1.15221818797105
115.048655964094 1.5347693464649 1.16376880783693
116.169352457661 1.52722979235122 1.17761232684874
117.409241534845 1.50733509332204 1.19338696033038
118.544114779345 1.4779839829471 1.20899816203997
119.800220700706 1.43661039370812 1.22638429687104
120.949994509901 1.38946736074246 1.2426593787086
122.107583819458 1.33650355598661 1.25678997036611
123.389727414097 1.27320619393147 1.27219083091487
124.563919607788 1.21030001944615 1.28430778040723
125.865584535341 1.1324584679211 1.29795201767544
127.057993262771 1.0579345075079 1.31122675825301
128.257654767626 0.979339314765981 1.32049069465741
129.590209755348 0.890105862341153 1.33529742403984
130.81211980202 0.809831702533942 1.35534064838103
132.16840845018 0.722958927265313 1.37069423824255
133.411889442815 0.647525843326801 1.38308264155466
134.665112497768 0.576697467811805 1.39619133201836
136.054616447507 0.507542402402534 1.40530637600096
137.329799995297 0.453367213530389 1.41461513977956
138.615763070582 0.407829017146148 1.42462742192965
140.04168287433 0.367195761728131 1.43594676989588
141.349610513026 0.3401781875572 1.44424162368498
142.798405214789 0.319296682838526 1.44973936222382
144.125204484228 0.306598309369678 1.45148668596256
145.461265229915 0.300023930427315 1.45849241446543
146.940869427514 0.298489243211732 1.47085862856357
148.294987674024 0.302872362489559 1.48492306680348
149.65850013782 0.310740296531795 1.50614932680198
151.167292522077 0.321549500077159 1.53361393175002
152.546189931182 0.332478945829884 1.55965030407068
154.0698918695 0.347593142451775 1.58721112050649
155.458836402596 0.362530491448421 1.61111849867952
156.849336012726 0.379897724325896 1.63375919100542
158.379918767811 0.400521309048453 1.65984649908245
159.770469045279 0.422896005409487 1.67956604358064
161.298122176336 0.449418235221025 1.69990469479854
162.685709158865 0.477337557252659 1.71769545912667
164.073127586089 0.506954281566075 1.73840722755952
165.599851366414 0.541403775061791 1.75987258579845
166.986863504101 0.572775065447379 1.78165168556358
168.37279661249 0.603532315257307 1.80581633925227
169.894646210961 0.637902965458891 1.83062853319823
171.275309151151 0.667666247806889 1.85169444330062
172.791492754932 0.70033065203923 1.87420851081845
174.167373093384 0.728297640482035 1.89463123136396
175.541182804791 0.755336786622797 1.91563430980149
177.049324854891 0.782820228731065 1.93978436340917
178.416320607235 0.805634254095225 1.96039015582521
179.780276058181 0.826465986717998 1.98443430582298
181.278907110442 0.847312198778471 2.01315329178388
182.638685257573 0.864832677154728 2.03801290814514
184.128407495472 0.882963852730492 2.05283198402223
185.478442289213 0.898022318983851 2.06452811963729
186.825884581609 0.911064408037155 2.08386940615339
188.304882154217 0.922770648328639 2.10874285442028
189.646357743776 0.93193735106256 2.13240673333666
190.984642791679 0.938816049076201 2.15431263541054
192.452306830002 0.945931708662602 2.17459149391594
193.782700035534 0.951962546825794 2.19125091945704
195.242056920737 0.959077281155574 2.21189201976021
196.56547629309 0.966139887767234 2.23317121959036
197.885652665051 0.973088578621484 2.25725782475331
199.333761821647 0.981035169296708 2.28204338367276
200.646368989802 0.988382499875022 2.30182172567959
201.955591390479 0.994332154045681 2.32158618993507
203.391415569953 1.00114160712898 2.34387621170488
204.692575543449 1.00626253138634 2.36269187883405
206.119839245374 1.01224713156572 2.38486060656864
207.414034629206 1.01642639566006 2.4056992126304
208.705478245825 1.02233096388465 2.42622469658561
210.121529608578 1.02881580720345 2.44939919611125
211.402524072828 1.03567871828209 2.46861024120588
212.801330995635 1.04357959572886 2.48929122849095
214.055724550931 1.04902770558754 2.51047234862065
215.291468057394 1.05505041279002 2.53216461928356
216.626380537682 1.06203246237336 2.55508185456514
217.817122649014 1.07125142063409 2.57480108060638
218.983035335907 1.08153371890751 2.59162668715104
220.237031645678 1.09471036273359 2.60666971548009
221.350256143047 1.10532935247526 2.62533883397187
222.543626536867 1.12077501891103 2.64522885943743
223.599434699664 1.13720351679333 2.66163820050465
224.626662158743 1.15835783170665 2.67774329866269
225.724059393666 1.18527804428998 2.69677023144554
226.689226421504 1.21229987961738 2.71376846519625
227.625556396931 1.24004381755864 2.73063059659313
228.618960396185 1.26916668705747 2.74992668815584
229.491198416167 1.29715910881922 2.7647306057196
230.414507634839 1.3282422482164 2.77844751806685
231.223622021497 1.35621691933758 2.78948115586338
232.003736384676 1.38521239858824 2.79991267789644
232.838428853904 1.4189046394577 2.81195849702056
233.588367454677 1.45027093003848 2.8208889119303
234.410515166036 1.48417894258349 2.83171894816062
235.155757949089 1.51185617167838 2.8437997695728
235.898956274311 1.53315834643669 2.85701216095233
236.71367295141 1.55274855197222 2.87142129420012
237.451281513164 1.57061237042035 2.88371571891596
238.259166546774 1.5906609022617 2.89608218680874
238.99016414101 1.60398168559282 2.90713345769319
239.718402235575 1.61410332645949 2.91675602922136
240.515686307492 1.62373615976408 2.92727318729653
241.237546794459 1.63140317720667 2.93661959851778
242.028266655748 1.63933072933918 2.9447235587908
242.743392580657 1.64268530954605 2.95237193005519
243.455379663024 1.64642721494839 2.95791736625379
244.238784843122 1.64643903178134 2.96365994995006
244.955048901694 1.64960358059489 2.9655612062647
245.748322266756 1.64902203564326 2.97267128024173
246.474250642586 1.64911191113433 2.98296560873679
247.203616118472 1.64771584596975 2.99481318037193
248.010525613233 1.64814347176129 3.00550578516092
248.747794720457 1.64804208992056 3.01553617038684
249.563334082419 1.64900744620274 3.02682911147408
250.309568058565 1.64642451506266 3.03757267940123
251.061787692636 1.64386197271406 3.04935057668212
251.896343766657 1.64436451379659 3.06497253553844
252.659413514723 1.64193359408211 3.08193561829069
253.503126341839 1.63428417727681 3.09014929981879
254.273315414944 1.62806033911264 3.09088943221064
255.049080878869 1.62157126318125 3.09244406045767
255.908048714194 1.60968949502855 3.10394155603397
256.694700995889 1.59614112893465 3.12053239707465
257.565629230575 1.57673435563816 3.13949063680108
258.362410916154 1.55618294466749 3.15270791695537
259.164611175522 1.53624280857205 3.16378741101443
260.054071874961 1.51406439125737 3.17476541306481
260.870184851821 1.49046614300173 3.18351350553021
261.777614572516 1.46199625850361 3.19530785575406
262.612207678829 1.43534514836202 3.21150178050624
263.454909291311 1.40845626142743 3.22991577975511
264.391558772148 1.37543840730469 3.24794625482746
265.251187849088 1.3425411305555 3.26258591267927
266.206614135621 1.30302373278372 3.2809383982788
267.08318287651 1.26610315441767 3.29926562228297
267.96647503237 1.22822004686239 3.31812229300709
268.94631921675 1.18960750435043 3.33821820983678
269.842777982176 1.15494572671102 3.35578408414998
270.833283460171 1.11732945755215 3.3753786425915
271.73560206004 1.08384453931926 3.39448132856636
272.637417628561 1.05132674373735 3.41176213861039
273.628271827722 1.01885209470011 3.42796647920423
274.528548618029 0.992320443895215 3.44330452737119
275.518320607181 0.966655987300406 3.46196224673107
276.417220657738 0.946045820048173 3.4791810759842
277.314933538427 0.928170183375811 3.49725434334708
278.300138989365 0.911365299261574 3.5177630454967
279.192865128356 0.897148952202463 3.53476268571909
280.171426621315 0.88460277106646 3.55087725645219
281.058207120422 0.874172936952326 3.56403846007308
281.943794391137 0.865089147559026 3.57683532000039
282.913964567548 0.85611331231278 3.59104544846556
283.79091749627 0.850358192963959 3.60360434373145
284.657597598756 0.846088080724465 3.61698814031296
285.592933785958 0.842840549889985 3.6332467022104
286.423411300322 0.841299448861501 3.64732337620576
287.316879257927 0.842376778836875 3.66052574454443
288.118965751648 0.842103965734825 3.67153539281014
288.997468596537 0.840710508504608 3.68603703674014
289.79291173546 0.840102746556273 3.70206962360477
290.58676237087 0.838751175749056 3.71684575371198
291.456306339074 0.836205761075402 3.73326189981355
292.242516396245 0.833090690194313 3.75066589307307
293.103634400142 0.827912042782997 3.77245416599455
293.882823193245 0.822099708151035 3.7924665967176
294.659311992199 0.814831109171276 3.81391826685996
295.509158658816 0.806419549652596 3.83694685438672
296.278388539681 0.797734886881052 3.85601108626402
297.045018453221 0.790998394859122 3.87269127020181
297.888867241449 0.784190372868673 3.88817086836676
298.656557741889 0.778440021440932 3.90077481881783
299.504024135665 0.772690617865523 3.91233691362864
300.279886858971 0.770712072143833 3.9207809146996
301.060700600451 0.771086399771779 3.92900289953771
301.92582614276 0.77389503919465 3.93822945217396
