999.99 5 0 0 0 0 0 0 10.3737 0.107094
999.99 4.99013 0.313953 0 0 0 0 0 9.61455 0.797121
999.99 4.96057 0.626666 0 0 0 0 0 10.3796 1.70446
999.99 4.91144 0.936907 0 0 0 0 0 9.78841 1.80464
999.99 4.84292 1.24345 0 0 0 0 0 9.87364 1.64558
999.99 4.75528 1.54508 0 0 0 0 0 9.64823 2.75155
999.99 4.64888 1.84062 0 0 0 0 0 8.91642 4.13468
999.99 4.52414 2.1289 0 0 0 0 0 10.1843 4.11759
999.99 4.38153 2.40877 0 0 0 0 0 8.5525 4.31509
999.99 4.22164 2.67913 0 0 0 0 0 9.02022 4.79295
999.99 4.04508 2.93893 0 0 0 0 0 8.65108 5.69758
999.99 3.85257 3.18712 0 0 0 0 0 7.10757 6.25962
999.99 3.64484 3.42274 0 0 0 0 0 7.30301 6.43864
999.99 3.42274 3.64484 0 0 0 0 0 6.13294 7.13718
999.99 3.18712 3.85257 0 0 0 0 0 6.44067 7.58313
999.99 2.93893 4.04508 0 0 0 0 0 5.96006 8.18606
999.99 2.67913 4.22164 0 0 0 0 0 4.7984 9.0742
999.99 2.40877 4.38153 0 0 0 0 0 4.91592 8.66036
999.99 2.1289 4.52414 0 0 0 0 0 5.22406 8.76037
999.99 1.84062 4.64888 0 0 0 0 0 2.65931 9.64755
999.99 1.54508 4.75528 0 0 0 0 0 3.31589 9.16841
999.99 1.24345 4.84292 0 0 0 0 0 2.87313 9.27816
999.99 0.936907 4.91144 0 0 0 0 0 2.07512 9.42391
999.99 0.626666 4.96057 0 0 0 0 0 1.62609 10.6165
999.99 0.313953 4.99013 0 0 0 0 0 0.218471 10.3936
999.99 -8.04061e-16 5 0 0 0 0 0 -0.728633 9.18986
999.99 -0.313953 4.99013 0 0 0 0 0 -0.229386 10.0833
999.99 -0.626666 4.96057 0 0 0 0 0 -1.41154 9.40905
999.99 -0.936907 4.91144 0 0 0 0 0 -0.935855 9.79902
999.99 -1.24345 4.84292 0 0 0 0 0 -2.95005 9.86636
999.99 -1.54508 4.75528 0 0 0 0 0 -3.65305 10.3442
999.99 -1.84062 4.64888 0 0 0 0 0 -3.56497 9.03309
999.99 -2.1289 4.52414 0 0 0 0 0 -4.19251 9.02386
999.99 -2.40877 4.38153 0 0 0 0 0 -4.58103 9.05516
999.99 -2.67913 4.22164 0 0 0 0 0 -5.1504 8.41347
999.99 -2.93893 4.04508 0 0 0 0 0 -5.55147 8.36137
999.99 -3.18712 3.85257 0 0 0 0 0 -6.59338 7.73899
999.99 -3.42274 3.64484 0 0 0 0 0 -6.93434 7.15887
999.99 -3.64484 3.42274 0 0 0 0 0 -6.38265 6.78586
999.99 -3.85257 3.18712 0 0 0 0 0 -7.71871 5.67659
999.99 -4.04508 2.93893 0 0 0 0 0 -8.21509 5.57905
999.99 -4.22164 2.67913 0 0 0 0 0 -9.21448 5.33854
999.99 -4.38153 2.40877 0 0 0 0 0 -8.60214 4.4453
999.99 -4.52414 2.1289 0 0 0 0 0 -9.41894 4.54291
999.99 -4.64888 1.84062 0 0 0 0 0 -9.79568 3.54036
999.99 -4.75528 1.54508 0 0 0 0 0 -9.25272 3.00837
999.99 -4.84292 1.24345 0 0 0 0 0 -10.8372 2.1868
999.99 -4.91144 0.936907 0 0 0 0 0 -10.5418 1.13524
999.99 -4.96057 0.626666 0 0 0 0 0 -9.57058 1.58128
999.99 -4.99013 0.313953 0 0 0 0 0 -10.7295 0.547629
999.99 -5 -1.60812e-15 0 0 0 0 0 -10.1932 -0.185727
999.99 -4.99013 -0.313953 0 0 0 0 0 -10.5744 -0.419665
999.99 -4.96057 -0.626666 0 0 0 0 0 -9.94677 -1.39309
999.99 -4.91144 -0.936907 0 0 0 0 0 -9.62121 -1.90909
999.99 -4.84292 -1.24345 0 0 0 0 0 -9.92019 -2.99588
999.99 -4.75528 -1.54508 0 0 0 0 0 -9.34325 -2.45693
999.99 -4.64888 -1.84062 0 0 0 0 0 -9.35257 -4.1303
999.99 -4.52414 -2.1289 0 0 0 0 0 -8.42491 -3.87293
999.99 -4.38153 -2.40877 0 0 0 0 0 -8.79033 -4.92539
999.99 -4.22164 -2.67913 0 0 0 0 0 -8.39257 -5.31294
999.99 -4.04508 -2.93893 0 0 0 0 0 -8.73812 -5.72343
999.99 -3.85257 -3.18712 0 0 0 0 0 -7.51674 -5.53171
999.99 -3.64484 -3.42274 0 0 0 0 0 -6.5842 -7.39396
999.99 -3.42274 -3.64484 0 0 0 0 0 -7.21171 -7.31058
999.99 -3.18712 -3.85257 0 0 0 0 0 -6.50064 -7.35475
999.99 -2.93893 -4.04508 0 0 0 0 0 -5.69672 -7.98029
999.99 -2.67913 -4.22164 0 0 0 0 0 -6.19292 -9.20562
999.99 -2.40877 -4.38153 0 0 0 0 0 -5.15467 -8.40752
999.99 -2.1289 -4.52414 0 0 0 0 0 -4.02129 -8.91461
999.99 -1.84062 -4.64888 0 0 0 0 0 -2.84203 -9.44392
999.99 -1.54508 -4.75528 0 0 0 0 0 -2.819 -9.52472
999.99 -1.24345 -4.84292 0 0 0 0 0 -2.07128 -9.89094
999.99 -0.936907 -4.91144 0 0 0 0 0 -1.89284 -10.285
999.99 -0.626666 -4.96057 0 0 0 0 0 -0.974421 -9.83552
999.99 -0.313953 -4.99013 0 0 0 0 0 -1.16248 -10.1452
999.99 -9.18485e-16 -5 0 0 0 0 0 -0.293786 -9.84574
999.99 0.313953 -4.99013 0 0 0 0 0 1.16438 -10.2099
999.99 0.626666 -4.96057 0 0 0 0 0 1.19835 -10.196
999.99 0.936907 -4.91144 0 0 0 0 0 1.83706 -10.0684
999.99 1.24345 -4.84292 0 0 0 0 0 1.99705 -10.2327
999.99 1.54508 -4.75528 0 0 0 0 0 2.5961 -10.0759
999.99 1.84062 -4.64888 0 0 0 0 0 3.82731 -9.30049
999.99 2.1289 -4.52414 0 0 0 0 0 4.63161 -8.51516
999.99 2.40877 -4.38153 0 0 0 0 0 4.31377 -9.81071
999.99 2.67913 -4.22164 0 0 0 0 0 4.85147 -8.33984
999.99 2.93893 -4.04508 0 0 0 0 0 5.66378 -8.5356
999.99 3.18712 -3.85257 0 0 0 0 0 7.06391 -7.47686
999.99 3.42274 -3.64484 0 0 0 0 0 7.26488 -7.46497
999.99 3.64484 -3.42274 0 0 0 0 0 6.77298 -7.01933
999.99 3.85257 -3.18712 0 0 0 0 0 7.20745 -6.10353
999.99 4.04508 -2.93893 0 0 0 0 0 7.18785 -5.59206
999.99 4.22164 -2.67913 0 0 0 0 0 8.87858 -5.50887
999.99 4.38153 -2.40877 0 0 0 0 0 8.37311 -5.52364
999.99 4.52414 -2.1289 0 0 0 0 0 8.4538 -4.61699
999.99 4.64888 -1.84062 0 0 0 0 0 8.89199 -4.24578
999.99 4.75528 -1.54508 0 0 0 0 0 9.81225 -3.07832
999.99 4.84292 -1.24345 0 0 0 0 0 9.74485 -2.89592
999.99 4.91144 -0.936907 0 0 0 0 0 9.64751 -2.46253
999.99 4.96057 -0.626666 0 0 0 0 0 10.3283 -1.05187
999.99 4.99013 -0.313953 0 0 0 0 0 10.011 -1.03014
