999.99 5 0 0 0 0 0 0 10 0
999.99 4.99013 0.313953 0 0 0 0 0
999.99 4.96057 0.626666 0 0 0 0 0
999.99 4.91144 0.936907 0 0 0 0 0
999.99 4.84292 1.24345 0 0 0 0 0 9.68583 2.4869
999.99 4.75528 1.54508 0 0 0 0 0
999.99 4.64888 1.84062 0 0 0 0 0
999.99 4.52414 2.1289 0 0 0 0 0
999.99 4.38153 2.40877 0 0 0 0 0
999.99 4.22164 2.67913 0 0 0 0 0 8.44328 5.35827
999.99 4.04508 2.93893 0 0 0 0 0
999.99 3.85257 3.18712 0 0 0 0 0
999.99 3.64484 3.42274 0 0 0 0 0
999.99 3.42274 3.64484 0 0 0 0 0
999.99 3.18712 3.85257 0 0 0 0 0 6.37424 7.70513
999.99 2.93893 4.04508 0 0 0 0 0
999.99 2.67913 4.22164 0 0 0 0 0
999.99 2.40877 4.38153 0 0 0 0 0
999.99 2.1289 4.52414 0 0 0 0 0
999.99 1.84062 4.64888 0 0 0 0 0 3.68125 9.29776
999.99 1.54508 4.75528 0 0 0 0 0
999.99 1.24345 4.84292 0 0 0 0 0
999.99 0.936907 4.91144 0 0 0 0 0
999.99 0.626666 4.96057 0 0 0 0 0
999.99 0.313953 4.99013 0 0 0 0 0 0.627905 9.98027
999.99 -8.04061e-16 5 0 0 0 0 0
999.99 -0.313953 4.99013 0 0 0 0 0
999.99 -0.626666 4.96057 0 0 0 0 0
999.99 -0.936907 4.91144 0 0 0 0 0
999.99 -1.24345 4.84292 0 0 0 0 0 -2.4869 9.68583
999.99 -1.54508 4.75528 0 0 0 0 0
999.99 -1.84062 4.64888 0 0 0 0 0
999.99 -2.1289 4.52414 0 0 0 0 0
999.99 -2.40877 4.38153 0 0 0 0 0
999.99 -2.67913 4.22164 0 0 0 0 0 -5.35827 8.44328
999.99 -2.93893 4.04508 0 0 0 0 0
999.99 -3.18712 3.85257 0 0 0 0 0
999.99 -3.42274 3.64484 0 0 0 0 0
999.99 -3.64484 3.42274 0 0 0 0 0
999.99 -3.85257 3.18712 0 0 0 0 0 -7.70513 6.37424
999.99 -4.04508 2.93893 0 0 0 0 0
999.99 -4.22164 2.67913 0 0 0 0 0
999.99 -4.38153 2.40877 0 0 0 0 0
999.99 -4.52414 2.1289 0 0 0 0 0
999.99 -4.64888 1.84062 0 0 0 0 0 -9.29776 3.68125
999.99 -4.75528 1.54508 0 0 0 0 0
999.99 -4.84292 1.24345 0 0 0 0 0
999.99 -4.91144 0.936907 0 0 0 0 0
999.99 -4.96057 0.626666 0 0 0 0 0
999.99 -4.99013 0.313953 0 0 0 0 0 -9.98027 0.627905
999.99 -5 -1.60812e-15 0 0 0 0 0 -10
999.99 -4.99013 -0.313953 0 0 0 0 0
999.99 -4.96057 -0.626666 0 0 0 0 0
999.99 -4.91144 -0.936907 0 0 0 0 0
999.99 -4.84292 -1.24345 0 0 0 0 0 -9.68583 -2.4869
999.99 -4.75528 -1.54508 0 0 0 0 0
999.99 -4.64888 -1.84062 0 0 0 0 0
999.99 -4.52414 -2.1289 0 0 0 0 0
999.99 -4.38153 -2.40877 0 0 0 0 0
999.99 -4.22164 -2.67913 0 0 0 0 0 -8.44328 -5.35827
999.99 -4.04508 -2.93893 0 0 0 0 0
999.99 -3.85257 -3.18712 0 0 0 0 0
999.99 -3.64484 -3.42274 0 0 0 0 0
999.99 -3.42274 -3.64484 0 0 0 0 0
999.99 -3.18712 -3.85257 0 0 0 0 0 -6.37424 -7.70513
999.99 -2.93893 -4.04508 0 0 0 0 0
999.99 -2.67913 -4.22164 0 0 0 0 0
999.99 -2.40877 -4.38153 0 0 0 0 0
999.99 -2.1289 -4.52414 0 0 0 0 0
999.99 -1.84062 -4.64888 0 0 0 0 0 -3.68125 -9.29776
999.99 -1.54508 -4.75528 0 0 0 0 0
999.99 -1.24345 -4.84292 0 0 0 0 0
999.99 -0.936907 -4.91144 0 0 0 0 0
999.99 -0.626666 -4.96057 0 0 0 0 0
999.99 -0.313953 -4.99013 0 0 0 0 0 -0.627905 -9.98027
999.99 -9.18485e-16 -5 0 0 0 0 0
999.99 0.313953 -4.99013 0 0 0 0 0
999.99 0.626666 -4.96057 0 0 0 0 0
999.99 0.936907 -4.91144 0 0 0 0 0
999.99 1.24345 -4.84292 0 0 0 0 0 2.4869 -9.68583
999.99 1.54508 -4.75528 0 0 0 0 0
999.99 1.84062 -4.64888 0 0 0 0 0
999.99 2.1289 -4.52414 0 0 0 0 0
999.99 2.40877 -4.38153 0 0 0 0 0
999.99 2.67913 -4.22164 0 0 0 0 0 5.35827 -8.44328
999.99 2.93893 -4.04508 0 0 0 0 0
999.99 3.18712 -3.85257 0 0 0 0 0
999.99 3.42274 -3.64484 0 0 0 0 0
999.99 3.64484 -3.42274 0 0 0 0 0
999.99 3.85257 -3.18712 0 0 0 0 0 7.70513 -6.37424
999.99 4.04508 -2.93893 0 0 0 0 0
999.99 4.22164 -2.67913 0 0 0 0 0
999.99 4.38153 -2.40877 0 0 0 0 0
999.99 4.52414 -2.1289 0 0 0 0 0
999.99 4.64888 -1.84062 0 0 0 0 0 9.29776 -3.68125
999.99 4.75528 -1.54508 0 0 0 0 0
999.99 4.84292 -1.24345 0 0 0 0 0
999.99 4.91144 -0.936907 0 0 0 0 0
999.99 4.96057 -0.626666 0 0 0 0 0
999.99 4.99013 -0.313953 0 0 0 0 0 9.98027 -0.627905
