33.366700 0.0000000 0.0000000 0.0000000 0.0000000 0.0000000 0.0000000 1.0000000
133.4668 0.0003265 0.0009212 0.0235491 0.0004241 0.0016962 0.0003567 0.9999984
200.200200 0.0006889 0.0017142 0.0467602 0.0002340 0.0032359 0.0002762 0.9999947
266.933600 0.0009546 0.0025654 0.0699451 -0.0001237 0.0046185 0.0003496 0.9999893
367.033700 0.0012403 0.0042883 0.1045500 -0.0004754 0.0065801 0.0005314 0.9999781
467.133800 0.0012733 0.0056327 0.1389129 -0.0005934 0.0082108 0.0005019 0.9999660
600.600601 0.0018193 0.0071715 0.1847767 0.0001437 0.0102788 0.0000262 0.9999471
900.900901 0.0056692 0.0105238 0.2878650 -0.0014553 0.0142192 -0.0001771 0.9998978
1034.367701 0.0076278 0.0120936 0.3329168 -0.000604 0.0162091 0.0005822 0.9998683 0.0076278 0.1120936
1201.201201 0.0095704 0.0137872 0.3904087 -0.0010634 0.0190664 0.0006149 0.9998174
1401.401401 0.0122749 0.0158534 0.4598744 -0.0008922 0.0217848 0.0005073 0.9997622
1534.868202 0.0130853 0.0176543 0.5050905 -0.0009559 0.0233541 0.0009653 0.9997264
1735.068402 0.0149802 0.0201636 0.5715910 -0.0005818 0.0252557 0.0001805 0.9996808
1901.901902 0.0171279 0.0223943 0.6284220 -0.0014740 0.0265734 0.0004474 0.9996457
2135.468802 0.0209032 0.0254418 0.7067565 -0.0014693 0.0288258 0.000439 0.9995832 0.0209032 0.1254418
2402.402402 0.0257800 0.0287622 0.7959126 -0.0021797 0.0319411 0.0007467 0.9994871
2635.969303 0.0289482 0.0316903 0.8744953 -0.0019832 0.0350355 0.0013237 0.9993832
2902.902903 0.0343221 0.0349471 0.9624630 -0.0009740 0.0380327 0.0017201 0.9992746
3169.836503 0.0393435 0.0383433 1.0511674 0.0002611 0.0409991 0.0013403 0.9991583 0.0393435 0.1383433
3436.770103 0.0456482 0.0416186 1.1401662 0.0005763 0.0430979 0.0009680 0.9990702
3603.603604 0.0498899 0.0439941 1.1966065 0.0027946 0.0436855 0.0013426 0.9990405
3803.803804 0.0541086 0.0455819 1.2631149 0.0053016 0.0445901 0.0012570 0.9989905
4004.004004 0.0597406 0.0469948 1.3304777 0.005017 0.045184 0.0009881 0.9989656 0.0597406 0.1469948
4204.204204 0.0638000 0.0485587 1.3973792 0.0057910 0.0472010 0.0005603 0.9988685
4404.404404 0.0672426 0.0494786 1.4654098 0.0075602 0.0495705 0.0007293 0.9987417
4571.237905 0.0719757 0.0500905 1.5222745 0.0072573 0.0508501 0.0005197 0.9986798
4738.071405 0.0760801 0.0509305 1.5784274 0.0051408 0.0524996 0.0004244 0.9986076
4904.904905 0.0803102 0.0520145 1.6342300 0.0040190 0.0540797 0.0000392 0.9985285
5071.738405 0.0857059 0.0534513 1.6911926 0.0044233 0.0550805 0.0010186 0.9984716 0.0857059 0.1534513
5205.205205 0.0897840 0.0549946 1.7357522 0.0048181 0.0559457 0.0013721 0.9984213
5338.672005 0.0932435 0.0562580 1.7803098 0.0048286 0.0572947 0.0014078 0.9983447
5505.505506 0.0984457 0.0575174 1.8379853 0.0044323 0.0580678 0.0016690 0.9983014
5705.705706 0.1049290 0.0595858 1.9065386 0.0048446 0.0590709 0.0009996 0.9982415
5839.172506 0.1091404 0.0604532 1.9507241 0.0049121 0.0598280 0.0011593 0.9981959
6039.372706 0.115714 0.0618342 2.0199714 0.0042608 0.0597131 0.0018589 0.9982048 0.115714 0.1618342
6239.572906 0.1228109 0.0634980 2.0895677 0.0043381 0.0575619 0.0017028 0.9983311
6439.773106 0.1289559 0.0652014 2.1582451 0.0034323 0.0559254 0.0009527 0.9984286
6639.973307 0.1344290 0.0675987 2.2278218 0.0039626 0.0545168 0.0015559 0.9985037
6840.173507 0.1397414 0.0694540 2.2974250 0.0038560 0.0533670 0.0011957 0.9985668
7007.007007 0.1433385 0.0712736 2.3559229 0.0034839 0.0532439 0.0013494 0.9985746 0.1433385 0.1712736
7207.207207 0.1487878 0.0725638 2.4269710 0.0041807 0.0528149 0.0016472 0.9985942
7374.040707 0.1531976 0.0738406 2.4863281 0.0021170 0.0528541 0.0022366 0.9985975
7540.874208 0.1573670 0.0761723 2.5459256 -0.0007885 0.0533228 0.0021037 0.9985748
7640.974308 0.1599794 0.0777057 2.5817413 -0.0016011 0.0536219 0.0021102 0.9985578
7841.174508 0.1654382 0.0795878 2.6534593 -0.0011646 0.0547649 0.0036408 0.9984919
7941.274608 0.1702404 0.0811844 2.6897137 -0.0004890 0.0546007 0.0035408 0.9985019
8108.108108 0.1771399 0.0837355 2.750627 -0.000896 0.054625 0.0045407 0.9984962 0.1771399 0.1837355
8274.941608 0.1826137 0.0848999 2.8115928 -0.0012882 0.0553529 0.0048685 0.9984542
8441.775108 0.1874308 0.0868422 2.8723717 -0.0011874 0.0568028 0.0051999 0.9983712
8641.975309 0.1945250 0.0896290 2.9471574 -0.0046249 0.0581490 0.0059606 0.9982794
8775.442109 0.1990428 0.0916070 2.9976304 -0.0033322 0.0593795 0.0064708 0.9982089
8975.642309 0.2068956 0.0945226 3.0734131 -0.0022871 0.0612361 0.0057226 0.9981043
9109.109109 0.2117035 0.0964481 3.1237955 -0.0028986 0.0628226 0.0055577 0.998005 0.2117035 0.1964481
9275.942609 0.2172693 0.0987310 3.1858938 -0.0046316 0.0655858 0.0047370 0.9978250
9409.409409 0.2227352 0.1010292 3.2371175 -0.0044048 0.0676875 0.0051792 0.9976834
9509.509510 0.2269094 0.1026578 3.2754581 -0.0040747 0.0689147 0.0057711 0.9975975
9642.976310 0.2327651 0.1047883 3.3275526 -0.0045873 0.0702415 0.0060503 0.9975011
9776.443110 0.2388383 0.1063185 3.3781509 -0.0041778 0.0713957 0.0056542 0.9974233
9909.909910 0.2452393 0.1084864 3.4296634 -0.0033354 0.0724344 0.0051558 0.9973543
10043.37671 0.251619 0.1106074 3.4813852 -0.003565 0.0735676 0.0050168 0.9972712 0.251619 0.2106074
10176.843510 0.2585556 0.1125827 3.5320921 -0.0034529 0.0745362 0.0050726 0.9971994
10343.677010 0.2669684 0.1151965 3.5964656 -0.0040945 0.0758621 0.0049225 0.9970977
10543.877211 0.2781072 0.1183737 3.6723845 -0.0037002 0.0772577 0.0045630 0.9969938
10744.077411 0.2882640 0.1213495 3.7503195 -0.0015810 0.0787424 0.0046240 0.9968830
10877.544211 0.2949259 0.1229892 3.8025885 -0.0008178 0.0795099 0.0046751 0.9968228
11044.37771 0.3037523 0.1251061 3.8688881 -0.0014324 0.0800345 0.0044906 0.9967809 0.3037523 0.2251061
11244.577911 0.3149452 0.1278602 3.9472761 0.0007690 0.0807893 0.0046285 0.9967201
11478.144811 0.3271578 0.1306512 4.0394216 0.0037068 0.0816100 0.0051165 0.9966443
11678.345012 0.3377495 0.1324346 4.1188397 0.0033808 0.0824397 0.0052495 0.9965765
11911.911912 0.3509065 0.1351436 4.2095666 0.0046479 0.0833854 0.0057078 0.9964902
12178.84551 0.3657374 0.1385876 4.3159919 0.0031386 0.0845535 0.0052401 0.9964002 0.3657374 0.2385876
12345.679012 0.3752443 0.1403309 4.3826470 0.0048934 0.0852961 0.0048341 0.9963319
12545.879213 0.3866041 0.1418854 4.4619584 0.0052264 0.0863432 0.0038124 0.9962444
12712.712713 0.3963085 0.1435512 4.5272799 0.0046925 0.0870977 0.0034785 0.9961827
12912.912913 0.4093209 0.1454416 4.6074519 0.0042526 0.0878772 0.0033675 0.9961165
13179.84651 0.4262065 0.1487566 4.7126074 0.0049229 0.0893084 0.0039535 0.995984 0.4262065 0.2487566
13380.046713 0.4385246 0.1507128 4.7897143 0.0047498 0.0908107 0.0037255 0.9958498
13680.34701 0.4559521 0.1535691 4.90518 0.0043909 0.0924273 0.0038209 0.9957024
